/*--------------------------------*- C++ -*----------------------------------*\
  =========                 |
  \\      /  F ield         | OpenFOAM: The Open Source CFD Toolbox
   \\    /   O peration     | Website:  https://openfoam.org
    \\  /    A nd           | Version:  8
     \\/     M anipulation  |
\*---------------------------------------------------------------------------*/
FoamFile
{
    version     2.0;
    format      ascii;
    class       labelList;
    note        "nPoints:14870  nCells:7871  nFaces:29744  nInternalFaces:18682";
    location    "constant/polyMesh";
    object      neighbour;
}
// * * * * * * * * * * * * * * * * * * * * * * * * * * * * * * * * * * * * * //


18682
(
1324
1325
1327
1324
1331
1332
1334
1331
1338
1339
1341
1338
1345
1346
1348
1345
1352
1353
1355
1352
1359
1360
1362
1359
1366
1367
1369
1366
1373
1374
1376
1325
1384
1385
1387
1332
1384
5031
5032
5034
1339
5031
5038
5039
5041
1346
5038
5045
5046
5048
1353
5045
5052
5053
5055
1360
5052
5059
5060
5062
1367
5059
5066
5067
5069
1374
5066
5073
5074
5076
1391
1392
1394
5073
1391
1398
1400
1380
1403
1404
1406
1385
1403
5080
5081
5083
21
31
5032
5033
5036
5037
5080
5082
5084
5086
22
32
5039
5040
5043
5044
23
33
5046
5047
5050
5051
24
34
5053
5054
5057
5058
25
35
5060
5061
5064
5065
26
36
5067
5068
5071
5072
27
37
5074
5075
5078
5079
5088
5090
5092
1392
5087
5088
5090
1398
1410
1411
1413
5087
1404
1421
1422
1424
1421
5081
5094
5095
5097
32
43
5094
5096
5098
5100
33
44
34
45
35
46
36
47
37
48
38
49
39
50
5088
5089
5092
5093
5102
5104
5106
1411
5101
5102
5104
1417
1428
1429
1431
5101
1422
1435
5108
5109
5111
43
56
5095
5096
5099
5100
5108
5110
5112
5114
44
57
45
58
46
59
47
60
48
61
49
62
50
63
51
64
5116
5118
5120
5102
5115
5116
5118
1429
1441
1442
1444
5115
1448
1449
1451
4767
1436
1448
5122
5123
5125
56
69
5109
5110
5113
5114
5122
5124
5126
5128
57
70
58
71
59
72
60
73
61
74
62
75
63
76
64
77
65
78
5130
5132
5134
5143
5146
5147
5116
5129
5130
5132
1442
1455
1456
1458
5129
1449
1488
1490
1488
5123
5136
5137
5139
70
92
5136
5138
5140
5142
5171
5174
5175
71
93
72
94
73
95
74
96
75
97
76
98
77
99
78
100
5144
5146
5148
5178
5181
5182
5143
5144
5146
1493
1494
1496
5130
5143
1456
1493
1500
1501
1503
1507
1508
1510
1462
1514
1515
1466
1514
4771
4772
4774
1470
4771
5150
5151
5153
1517
1518
1520
5150
1517
1524
1525
1527
1524
4778
4779
4781
1476
4778
5157
5158
5160
1480
5157
5164
5165
5167
1484
4785
4786
4788
5164
1531
1535
1536
1538
5137
1535
5171
5172
5174
94
116
5171
5173
5175
5177
5234
5237
5238
95
117
5241
5244
5245
96
118
5248
5251
5252
97
119
5255
5258
5259
98
120
99
121
100
122
5179
5181
5183
5178
5179
5181
1542
1543
1545
5144
5178
1494
1542
1549
1550
1551
1558
1559
1561
1508
1558
5185
5186
5188
1565
1567
5185
1572
1573
1575
4772
1572
5151
5192
5193
5195
1518
5192
5199
5200
5202
1525
5199
5206
5207
5209
4779
5206
5213
5214
5216
112
136
5158
5159
5162
5163
5213
5215
5217
5219
5221
5223
5225
5290
5293
5294
5165
5220
5221
5223
1579
1580
1582
4786
5220
1536
1586
1590
1591
1593
1590
5172
5227
5228
5230
5227
5234
5235
5237
5234
5241
5242
5244
5241
5248
5249
5251
5248
5255
5256
5258
121
144
5255
5257
5259
5261
5297
5300
5301
122
145
123
146
5263
5265
5267
5179
5262
5263
5265
1543
1597
1598
1600
5262
1550
1597
1604
1605
1554
1607
1608
1610
1559
1607
5269
5270
5272
5186
5269
5276
5277
5279
1565
1614
1615
1617
5276
1570
1614
1621
1622
1573
4792
4793
4795
4792
5193
5283
5284
5286
134
166
5200
5201
5204
5205
5283
5285
5287
5289
135
167
5207
5208
5211
5212
136
168
5214
5215
5218
5219
5291
5293
5295
5339
5342
5343
5290
5291
5293
1628
1629
1631
5221
5290
1591
1635
1639
1640
1642
1639
1646
1647
1649
5228
1646
1653
1654
1655
5235
1653
1658
1659
5242
1658
1661
1662
5249
1661
1664
1666
5256
1664
5297
5298
5300
146
175
5297
5299
5301
5303
5346
5349
5350
147
176
148
177
5263
5264
5267
5268
5305
5307
5309
5353
5356
5357
1598
5304
5305
5307
1604
1669
1670
1672
5304
1669
1676
1677
1679
1676
1683
1684
1686
1683
1690
1691
1693
1690
1697
1698
1700
1697
1704
1705
1707
1704
1711
1712
1714
1711
1718
1719
1721
1608
1718
1725
1726
1728
1725
5270
5311
5312
5314
160
189
5277
5278
5281
5282
5311
5313
5315
5317
5319
5321
5323
5395
5398
5399
1615
5318
5319
5321
1621
4799
4800
4802
5318
1732
1733
1735
4799
1624
1732
5325
5326
5328
4793
5325
5332
5333
5335
166
195
5284
5285
5288
5289
5332
5334
5336
5338
167
196
168
197
5340
5342
5344
5416
5419
5420
5339
5340
5342
1739
1740
1742
5291
5339
1629
1739
1746
1747
1748
1640
1751
1755
1756
1758
1647
1755
1762
1763
1654
1762
1765
1766
1768
1770
5298
1768
5346
5347
5349
177
204
5346
5348
5350
5352
5354
5356
5358
5430
5433
5434
5353
5354
5356
1773
1774
1775
5305
5353
1670
1773
1778
1780
1677
1778
1783
1784
1786
1684
1783
5360
5361
5363
1691
5360
5367
5368
5370
1698
5367
5374
5375
5377
1705
5374
5381
5382
5384
1712
5381
5388
5389
5391
1719
1790
1791
1793
5388
1726
1790
1797
1798
1797
1800
1801
1803
5312
1800
5395
5396
5398
191
213
5319
5320
5323
5324
5395
5397
5399
5401
5403
5405
5407
4800
5402
5403
5405
1733
5402
5409
5410
5412
194
216
5326
5327
5330
5331
5409
5411
5413
5415
195
217
5333
5334
5337
5338
196
218
197
219
5417
5419
5421
5416
5417
5419
1807
1808
1810
5340
5416
1740
1807
1814
1815
1747
1814
1817
1824
1825
1827
1756
1853
1859
1860
1862
1866
5347
5423
5424
5426
5423
5430
5431
5433
1870
1871
1873
5354
5430
1877
1881
1882
1884
5361
1881
5368
5437
5438
5440
5375
5437
5444
5445
5447
5382
5444
5451
5452
5454
1888
1889
1891
5389
5451
1801
1895
1896
1898
1895
5396
5458
5459
5461
214
241
5458
5460
5462
5464
215
242
5403
5404
5407
5408
5521
5524
5525
216
243
5410
5411
5414
5415
5528
5531
5532
217
244
5535
5538
5539
218
245
219
246
220
247
5466
5468
5470
5417
5465
5466
5468
1808
1902
1903
1905
5465
1820
1909
1913
1914
1916
1825
1913
5472
5473
5475
1831
1920
1921
1923
5472
1929
1933
1934
1936
1837
1933
5479
5480
5482
1841
5479
5486
5487
5489
1845
5486
5493
5494
5496
1849
5493
5500
5501
5503
1854
5500
5507
5508
5510
1860
1940
1941
1943
5507
1947
1948
1950
5424
1947
1954
1955
1956
5431
1871
1954
1959
1960
1962
1963
5438
1962
1965
1966
1968
5445
1965
1972
1973
1975
5452
1889
1972
1979
1980
1896
1982
1984
1982
5459
5514
5515
5517
242
267
5514
5516
5518
5520
5522
5524
5526
5577
5580
5581
5521
5522
5524
5521
5528
5529
5531
5528
5535
5536
5538
246
271
5535
5537
5539
5541
5584
5587
5588
247
272
248
273
5543
5545
5547
5466
5542
5543
5545
1903
1987
1988
1990
5542
1914
1994
5549
5550
5552
252
278
5473
5474
5477
5478
5549
5551
5553
5555
5557
5559
5561
1921
5556
5557
5559
1927
1998
1999
5556
1934
2001
2005
2006
2008
2005
5480
5563
5564
5566
257
283
5487
5488
5491
5492
5563
5565
5567
5569
258
284
5494
5495
5498
5499
259
285
5501
5502
5505
5506
260
286
5508
5509
5512
5513
5571
5573
5575
1941
5570
5571
5573
2012
2014
5570
1948
2019
2020
1955
2019
2022
1973
2023
2025
2026
2028
1979
2025
2032
2033
2035
2039
2040
2042
5515
2039
5577
5578
5580
4806
4807
4809
5522
5577
2046
2047
2049
4806
5529
2046
2053
2054
2056
5536
2053
5584
5585
5587
273
296
5584
5586
5588
5590
5626
5629
5630
274
297
275
298
5543
5544
5547
5548
5592
5594
5596
1988
5591
5592
5594
2060
2062
5591
2069
5550
5598
5599
5601
279
304
5598
5600
5602
5604
5606
5608
5610
5557
5605
5606
5608
1998
2075
2076
5605
2006
2078
2082
2083
2085
2082
5564
5612
5613
5615
284
309
5612
5614
5616
5618
285
310
286
311
287
312
288
313
5571
5572
5575
5576
5620
5622
5624
2012
5619
5620
5622
2017
2089
2091
5619
2026
2094
2095
2097
2032
2094
2101
2103
2040
2106
2110
2111
2113
2110
2117
2118
2120
5578
2117
2124
2125
4807
2127
2128
2130
5585
2127
5626
5627
5629
298
328
5626
5628
5630
5632
299
329
300
330
5592
5593
5596
5597
5634
5636
5638
2060
5633
5634
5636
2065
2134
2135
2137
5633
2070
2134
5640
5641
5643
304
334
5599
5600
5603
5604
5640
5642
5644
5646
305
335
5648
5650
5652
5606
5647
5648
5650
2075
4813
4814
4816
5647
2083
2161
2165
2166
2168
2165
5613
5654
5655
5657
310
345
5654
5656
5658
5660
311
346
312
347
313
348
314
349
315
350
5620
5621
5624
5625
5662
5664
5666
2089
5661
5662
5664
2172
2173
2175
5661
2172
2179
2180
2182
2186
2187
2189
2186
2193
2194
2095
2196
2197
2199
2101
2196
2203
2204
2206
2210
2211
2213
2111
2210
5668
5669
5671
2118
2217
2218
2220
5668
2124
2217
2224
2225
2128
2227
2228
2230
2227
5627
5675
5676
5678
329
370
5675
5677
5679
5681
330
371
331
372
332
373
5634
5635
5638
5639
5683
5685
5687
2135
5682
5683
5685
334
375
5641
5642
5645
5646
5682
5684
5686
5688
335
376
336
377
337
378
5648
5649
5652
5653
5690
5692
5694
4814
5689
5690
5692
2141
5689
5696
5697
5699
2145
5696
5703
5704
5706
2149
5703
5710
5711
5713
2153
5710
5717
5718
5720
2157
2234
2235
2237
5717
2166
2241
2243
2245
2243
5655
5724
5725
5727
346
386
5724
5726
5728
5730
347
387
348
388
349
389
350
390
351
391
352
392
5662
5663
5666
5667
5732
5734
5736
5794
5797
5798
2173
5731
5732
5734
2179
4820
4821
4823
5731
2248
2249
2251
4820
2187
2248
5738
5739
5741
2193
2255
2256
2258
5738
2255
2262
2264
2197
2267
5745
5746
5748
2204
5745
5752
5753
5755
2271
2272
2274
5752
2271
2278
2279
2281
2211
2278
5759
5760
5762
364
404
5669
5670
5673
5674
5759
5761
5763
5765
5767
5769
5771
2218
5766
5767
5769
2224
2285
2286
2288
5766
2285
2292
2293
2295
2292
2299
2300
2302
2228
2299
5773
5774
5776
370
410
5676
5677
5680
5681
5773
5775
5777
5779
371
411
372
412
373
413
374
414
375
415
5683
5684
5687
5688
376
416
377
417
378
418
379
419
380
420
5690
5691
5694
5695
381
421
5697
5698
5701
5702
382
422
5704
5705
5708
5709
383
423
5711
5712
5715
5716
5781
5783
5785
5718
5780
5781
5783
2235
2306
2307
2309
5780
2313
5725
5787
5788
5790
387
427
5787
5789
5791
5793
388
428
389
429
390
430
391
431
392
432
5795
5797
5799
5885
5888
5889
5794
5795
5797
5732
5794
5801
5802
5804
4821
5801
5808
5809
5811
2249
5808
5815
5816
5818
397
437
5739
5740
5743
5744
5815
5817
5819
5821
5823
5825
5827
5892
5895
5896
2256
5822
5823
5825
2262
2317
2318
2320
5822
2324
2325
2327
5746
2324
5753
5829
5830
5832
2272
5829
5836
5837
5839
2279
5836
5843
5844
5846
404
444
5760
5761
5764
5765
5843
5845
5847
5849
405
445
406
446
5767
5768
5771
5772
5851
5853
5855
2286
5850
5851
5853
2293
5850
5857
5858
5860
2300
5857
5864
5865
5867
410
450
5774
5775
5778
5779
5864
5866
5868
5870
411
451
412
452
413
453
414
454
415
455
416
456
417
457
418
458
419
459
420
460
421
461
422
462
423
463
424
464
5872
5874
5876
5781
5871
5872
5874
2307
2331
2332
2334
5871
2338
5788
5878
5879
5881
428
468
5878
5880
5882
5884
429
469
430
470
431
471
432
472
5886
5888
5890
5927
5930
5931
5885
5886
5888
2342
2343
2344
5795
5885
2342
2347
2348
5802
2347
2350
2351
5809
2350
4827
4828
4830
5816
4827
5892
5893
5895
5823
5892
5899
5900
5902
2318
2353
2354
2356
5899
2325
2360
2361
2363
2360
5830
5906
5907
5909
443
482
5837
5838
5841
5842
5906
5908
5910
5912
5955
5958
5959
444
483
5844
5845
5848
5849
445
484
446
485
447
486
448
487
5851
5852
5855
5856
449
488
5858
5859
5862
5863
450
489
5865
5866
5869
5870
451
490
452
491
453
492
454
493
455
494
456
495
457
496
458
497
459
498
460
499
461
500
462
501
463
502
464
503
465
504
5914
5916
5918
5872
5913
5914
5916
2332
2367
2368
2370
5913
2374
5879
5920
5921
5923
469
508
5920
5922
5924
5926
5976
5979
5980
470
509
471
510
472
511
5928
5930
5932
5927
5928
5930
2378
2379
2381
5886
5927
2343
2378
2385
2386
2388
2389
2391
4828
2388
4834
4835
4837
5893
4834
5900
5934
5935
5937
2354
5934
5941
5942
5944
2395
2396
2398
5941
2361
2402
2403
2405
2402
5907
5948
5949
5951
5948
5955
5956
5958
484
519
5955
5957
5959
5961
6004
6007
6008
485
520
486
521
487
522
488
523
489
524
6011
6014
6015
490
525
6018
6021
6022
491
526
6025
6028
6029
492
527
493
528
494
529
495
530
496
531
497
532
498
533
499
534
500
535
501
536
502
537
503
538
504
539
505
540
5963
5965
5967
5914
5962
5963
5965
2368
2409
2410
2412
5962
2416
5921
5969
5970
5972
5969
5976
5977
5979
510
545
5976
5978
5980
5982
6039
6042
6043
511
546
512
547
5984
5986
5988
5928
5983
5984
5986
2379
2420
2421
5983
2423
5935
5990
5991
5993
5942
5990
5997
5998
6000
2396
4841
4842
4844
5997
2439
2440
2442
5949
2439
4848
4849
4851
5956
4848
6004
6005
6007
521
557
6004
6006
6008
6010
6074
6077
6078
522
558
6081
6084
6085
523
559
6088
6091
6092
524
560
6012
6014
6016
6095
6098
6099
6011
6012
6014
6011
6018
6019
6021
6018
6025
6026
6028
528
564
6025
6027
6029
6031
6102
6105
6106
529
565
530
566
531
567
532
568
533
569
534
570
535
571
536
572
537
573
538
574
539
575
540
576
541
577
6033
6035
6037
6109
6112
6113
5963
6032
6033
6035
2410
2446
2447
2449
6032
2453
2454
5970
2453
4855
4856
4858
5977
4855
6039
6040
6042
547
582
6039
6041
6043
6045
6116
6119
6120
548
583
6047
6049
6051
5984
6046
6047
6049
2420
2456
2457
6046
2459
5991
6053
6054
6056
552
587
5998
5999
6002
6003
6053
6055
6057
6059
6061
6063
6065
4842
6060
6061
6063
2427
6060
6067
6068
6070
2431
2463
2464
2466
6067
2435
2463
2470
2471
2473
2477
2479
2480
2482
6005
2479
6074
6075
6077
6074
6081
6082
6084
6081
6088
6089
6091
6088
6095
6096
6098
2486
2487
2489
6012
6095
2486
2493
2494
2496
6019
2493
2500
2502
6026
2500
6102
6103
6105
566
600
6102
6104
6106
6108
6144
6147
6148
567
601
6151
6154
6155
568
602
6158
6161
6162
569
603
570
604
571
605
572
606
573
607
574
608
575
609
576
610
577
611
6110
6112
6114
6165
6168
6169
6109
6110
6112
2505
2506
2508
6033
6109
2447
2505
2512
2513
2515
2517
4856
2515
2520
2521
2523
6040
2520
6116
6117
6119
584
616
6116
6118
6120
6122
6124
6126
6128
6047
6123
6124
6126
2456
2527
2528
6123
2530
6054
6130
6131
6133
588
621
6130
6132
6134
6136
6138
6140
6142
6193
6196
6197
6061
6137
6138
6140
2534
2535
2537
6068
6137
2464
2534
2541
2542
2543
2471
2541
2546
2547
2480
2549
2550
2549
2552
2553
2555
6075
2552
2559
2560
2562
6082
2559
2566
2567
2569
6089
2566
2573
2574
2576
6096
2487
2573
2580
2581
2494
2580
2583
2584
2588
2589
2591
6103
2588
6144
6145
6147
6144
6151
6152
6154
6151
6158
6159
6161
604
626
6158
6160
6162
6164
6200
6203
6204
605
627
606
628
607
629
608
630
609
631
610
632
611
633
6166
6168
6170
6207
6210
6211
6165
6166
6168
2595
2596
2598
6110
6165
2506
2595
2602
2603
2604
2521
2607
2611
2612
2614
2611
6117
6172
6173
6175
617
639
6172
6174
6176
6178
6180
6182
6184
6124
6179
6180
6182
2527
2618
2619
6179
2621
2622
2624
2621
6131
6186
6187
6189
6186
6193
6194
6196
2628
2629
2631
6138
6193
2635
2639
2640
2642
6145
2639
2646
2647
2649
6152
2646
4864
4865
4867
6159
4864
6200
6201
6203
628
647
6200
6202
6204
6206
629
648
630
649
631
650
632
651
633
652
6208
6210
6212
6249
6252
6253
6207
6208
6210
6166
6207
6214
6215
6217
2596
2653
2654
2656
6214
2603
2653
2660
2661
2612
2663
2667
2668
2670
2667
6173
6221
6222
6224
640
659
6221
6223
6225
6227
6229
6231
6233
6180
6228
6229
6231
2618
2674
2675
6228
2622
2677
2681
2682
2684
2681
6187
6235
6236
6238
4871
4872
4874
6194
6235
2629
2688
2689
4871
2691
6201
6242
6243
6245
648
666
6242
6244
6246
6248
6277
6280
6281
649
667
6284
6287
6288
650
668
651
669
652
670
6250
6252
6254
6291
6294
6295
6249
6250
6252
2695
2696
2698
6208
6249
2695
2702
2703
2705
6215
2654
2702
2709
2710
2712
2660
2709
2716
2668
2717
2721
2722
2724
2721
6222
6256
6257
6259
660
677
6256
6258
6260
6262
6264
6266
6268
6229
6263
6264
6266
2674
2728
2730
6263
2682
2735
2741
2742
2744
2741
6236
6270
6271
6273
2748
2749
2751
4872
6270
2759
2761
2762
2764
6243
2761
6277
6278
6280
6277
6284
6285
6287
669
688
6284
6286
6288
6290
6319
6322
6323
670
689
6292
6294
6296
6291
6292
6294
2768
2769
2771
6250
6291
2696
2768
2775
2776
2777
2703
2775
2780
2781
2710
2780
2783
2722
2784
6298
6299
6301
677
694
6257
6258
6261
6262
6298
6300
6302
6304
678
695
679
696
6264
6265
6268
6269
6306
6308
6310
2728
6305
6306
6308
2733
2790
2792
6305
2736
2803
2804
2806
2742
2803
6312
6313
6315
2810
2811
2813
6271
6312
2749
2810
2817
2818
2755
2824
2825
2827
2835
2836
2838
6278
2835
4878
4879
4881
6285
4878
6319
6320
6322
690
709
6319
6321
6323
6325
6327
6329
6331
6292
6326
6327
6329
2769
2842
2843
6326
2785
2845
2847
2845
6299
6333
6334
6336
695
713
6333
6335
6337
6339
6396
6399
6400
696
714
697
715
698
716
6306
6307
6310
6311
6341
6343
6345
6403
6406
6407
2790
6340
6341
6343
2795
2850
2851
2853
6340
2799
2850
6347
6348
6350
2804
6347
6354
6355
6357
6313
6354
6361
6362
6364
2811
2857
2858
2860
6361
2817
2857
2864
2820
2865
6368
6369
6371
2825
6368
6375
6376
6378
2831
2869
2870
2872
6375
2876
6320
6382
6383
6385
710
733
6382
6384
6386
6388
6390
6392
6394
6327
6389
6390
6392
2842
2880
2881
6389
2883
2885
2887
6334
2885
6396
6397
6399
715
737
6396
6398
6400
6402
6459
6462
6463
716
738
6404
6406
6408
6466
6469
6470
6403
6404
6406
2890
2891
2893
6341
6403
2851
2890
2897
2898
2897
2900
2901
2903
6348
2900
6355
6410
6411
6413
6362
6410
6417
6418
6420
2858
2907
2908
6417
2910
2914
2915
2917
2914
2921
2922
2924
2921
2928
2929
2931
2928
2935
2937
2960
4885
4886
4888
4885
6369
6424
6425
6427
6376
6424
6431
6432
6434
2870
6431
6438
6439
6441
2966
2968
6438
2977
6383
6445
6446
6448
734
762
6445
6447
6449
6451
6453
6455
6457
6390
6452
6453
6455
2880
2983
2985
6452
2990
2991
2993
6397
2990
6459
6460
6462
6459
6466
6467
6469
2997
2998
3000
6404
6466
2891
2997
3004
3005
3007
3008
3010
6411
3007
3014
3015
3017
6418
2915
3021
6473
6474
6476
2922
6473
6480
6481
6483
2929
6480
6487
6488
6490
2935
6487
6494
6495
6497
2940
3025
3026
3028
6494
2944
3032
3033
3035
2948
3032
3039
3040
3042
2952
3039
3046
3047
3049
2956
3046
3053
3054
3056
2961
3053
6501
6502
6504
4886
6501
6508
6509
6511
3060
3061
3063
6425
6508
3060
3067
3068
3070
6432
3067
3074
3075
3077
6439
2966
3074
3081
3082
3084
2971
3081
3088
3090
2973
3101
3102
3104
2978
3101
6515
6516
6518
762
786
6446
6447
6450
6451
6515
6517
6519
6521
763
787
764
788
6453
6454
6457
6458
6523
6525
6527
2983
6522
6523
6525
2988
3108
3110
6522
2991
3113
3114
3116
3113
6460
6529
6530
6532
6467
6529
6536
6537
6539
2998
3120
3121
3123
6536
3004
3120
3127
3128
3130
6474
6543
6544
6546
773
797
6481
6482
6485
6486
6543
6545
6547
6549
774
798
6488
6489
6492
6493
6551
6553
6555
6620
6623
6624
6495
6550
6551
6553
3026
3134
3135
3137
6550
3033
3141
3142
3144
3040
3141
6557
6558
6560
3047
6557
6564
6565
6567
3054
6564
6571
6572
6574
4892
4893
4895
6502
6571
3148
3149
4892
6509
3093
3151
3155
3156
3158
3097
3155
6578
6579
6581
3102
6578
6585
6586
6588
786
809
6516
6517
6520
6521
6585
6587
6589
6591
787
810
788
811
789
812
6593
6595
6597
6523
6592
6593
6595
3108
3162
3163
3165
6592
3114
3169
3170
3172
3169
6530
6599
6600
6602
6537
6599
6606
6607
6609
3121
3176
3177
3178
6606
3127
3176
3181
3182
6544
6613
6614
6616
798
822
6613
6615
6617
6619
6621
6623
6625
6620
6621
6623
3186
3187
3189
6551
6620
3135
3186
3193
3194
3195
3142
3198
3199
3198
3201
3202
3204
6558
3201
6565
6627
6628
6630
6572
6627
6634
6635
6637
3208
3209
3211
4893
6634
3156
3215
3219
3220
3222
3219
6579
6641
6642
6644
809
831
6586
6587
6590
6591
6641
6643
6645
6647
6697
6700
6701
810
832
811
833
812
834
813
835
814
836
6593
6594
6597
6598
6649
6651
6653
3163
6648
6649
6651
3226
3227
3229
6648
3170
4899
4900
4902
4899
6600
6655
6656
6658
3235
3236
3238
6607
6655
3177
3235
3242
3243
3247
3248
3250
3247
6614
6662
6663
6665
823
844
6662
6664
6666
6668
6718
6721
6722
824
845
6621
6622
6625
6626
6670
6672
6674
6725
6728
6729
3187
6669
6670
6672
3194
3254
3256
6669
3202
3259
3260
3262
3259
6628
6676
6677
6679
6635
6676
6683
6684
6686
3209
3266
3267
3269
6683
3273
6642
6690
6691
6693
6690
6697
6698
6700
833
855
6697
6699
6701
6703
6739
6742
6743
834
856
835
857
836
858
837
859
6705
6707
6709
6746
6749
6750
6649
6704
6705
6707
3227
3277
3278
3280
6704
3284
3288
3289
3291
4900
3288
3295
3296
3297
6656
3300
3301
3303
3248
3300
6711
6712
6714
3307
3308
3310
6663
6711
3307
6718
6719
6721
6718
6725
6726
6728
847
871
6670
6671
6674
6675
6725
6727
6729
6731
6733
6735
6737
6767
6770
6771
3254
6732
6733
6735
3314
3315
3317
6732
3314
3321
3322
3324
3325
4906
6677
3324
3327
3328
6684
3267
3327
3330
3331
3333
3335
3336
6691
3335
3338
3339
3341
6698
3338
6739
6740
6742
857
881
6739
6741
6743
6745
6781
6784
6785
858
882
859
883
6747
6749
6751
6788
6791
6792
6746
6747
6749
3345
3346
3348
6705
6746
3278
3345
6753
6754
6756
3352
3353
6753
3289
3355
3357
3358
3296
3357
3360
3361
3362
3364
3301
3361
6760
6761
6763
3368
3369
3371
6712
6760
3308
3368
3375
3376
3375
3378
3380
6719
3378
3383
3384
3386
6726
3383
6767
6768
6770
873
893
6733
6734
6737
6738
6767
6769
6771
6773
6775
6777
6779
3315
6774
6775
6777
3321
4908
4909
4911
6774
3390
3391
3393
4908
3397
3401
3402
3404
3401
3408
3409
3411
3408
3415
3417
3339
3420
3422
3420
3425
3426
3428
6740
3425
6781
6782
6784
883
901
6781
6783
6785
6787
6789
6791
6793
6823
6826
6827
6788
6789
6791
3432
3433
3435
6747
6788
3346
3432
3439
3440
3441
3439
3444
3446
6754
3352
3444
4915
4916
4918
3449
3450
3452
4915
3449
3456
3457
3459
3362
3463
3464
3466
3463
3470
3471
3473
6761
3477
6768
6795
6796
6798
894
913
6795
6797
6799
6801
6844
6847
6848
895
914
6775
6776
6779
6780
6803
6805
6807
4909
6802
6803
6805
3391
3481
3482
3484
6802
3402
3488
3492
3493
3495
3409
3492
6809
6810
6812
3415
3499
3500
3502
6809
3510
6782
6816
6817
6819
6816
6823
6824
6826
6789
6823
6830
6831
6833
3433
3514
3515
6830
3517
3518
3520
4916
3450
3517
6837
6838
6840
3457
3524
3525
3527
6837
3531
3535
3536
3538
3535
3542
3543
3545
3542
3549
3550
3552
3464
3549
3556
3557
3559
3471
3556
3563
3564
3566
3567
3569
6796
3566
6844
6845
6847
915
936
6844
6846
6848
6850
6852
6854
6856
6803
6851
6852
6854
3482
3573
3574
3576
6851
3493
3580
3582
3583
3585
3582
6810
6858
6859
6861
3500
6858
6865
6866
6868
3506
6865
6872
6873
6875
3589
3590
3592
6872
3589
3596
3597
3599
3600
3602
6817
3599
3606
3607
3608
6824
3606
3611
3612
6831
3614
3616
6838
3525
3614
3619
3620
3622
3634
3640
3641
3643
3536
3640
6883
6884
6886
3543
6883
6890
6891
6893
3550
6890
6897
6898
6900
3557
3647
3648
3650
6897
3563
3647
3654
3655
3567
3657
3658
3660
3657
6845
6904
6905
6907
937
961
6904
6906
6908
6910
6946
6949
6950
938
962
6852
6853
6856
6857
6912
6914
6916
6953
6956
6957
3574
6911
6912
6914
3664
3665
3667
6911
3664
3671
3673
3682
3684
3685
3687
6859
3684
6866
6918
6919
6921
944
970
6873
6874
6877
6878
6918
6920
6922
6924
6926
6928
6930
3590
6925
6926
6928
3596
3691
3692
3694
6925
3691
3698
3699
3701
3600
3698
3705
3706
3708
3607
3705
3712
3713
3620
3715
3717
3718
3626
3720
3721
3723
3720
3727
3728
3730
6879
3630
3727
3734
3735
3737
3635
3743
3744
3746
3641
3743
3750
3751
3753
3750
3757
3758
3760
6884
3757
3764
3765
3767
6891
3764
6898
6932
6933
6935
3648
6932
6939
6940
6942
3654
3771
3773
6939
3776
3777
3779
6905
3776
6946
6947
6949
6946
6953
6954
6956
6912
6953
6960
6961
6963
3665
6960
6967
6968
6970
3671
6967
6974
6975
6977
3676
3783
3785
6974
3678
3796
3797
3799
3685
3807
3808
3810
3807
6919
6981
6982
6984
971
999
6981
6983
6985
6987
972
1000
6926
6927
6930
6931
6989
6991
6993
3692
6988
6989
6991
3699
6988
6995
6996
6998
3706
3814
3815
3817
6995
3712
3814
3821
3822
3721
3824
7002
7003
7005
3728
7002
7009
7010
7012
3735
7009
7016
7017
7019
3741
3828
3829
7016
3831
3832
3834
3744
3831
3838
3839
3840
3843
3847
3848
3850
6933
3847
6940
7023
7024
7026
3771
3854
3855
3857
7023
3777
3861
3862
3861
3864
3865
6947
3864
3867
3868
6954
3867
4922
4923
4925
6961
4922
6968
7030
7031
7033
991
1017
6975
6976
6979
6980
7030
7032
7034
7036
7038
7040
7042
7114
7117
7118
3783
7037
7038
7040
3788
7037
7044
7045
7047
3792
7044
7051
7052
7054
3797
7051
7058
7059
7061
3803
7058
7065
7066
7068
3870
3871
7065
3808
3873
3874
3876
3873
6982
7072
7073
7075
1000
1027
7072
7074
7076
7078
1001
1028
1002
1029
6989
6990
6993
6994
7080
7082
7084
6996
7079
7080
7082
3815
3880
3881
3883
7079
3821
3880
3887
3888
3890
7003
7086
7087
7089
1007
1034
7010
7011
7014
7015
7086
7088
7090
7092
7094
7096
7098
7017
7093
7094
7096
3828
3894
3895
7093
3832
3897
3901
3902
3904
3839
3901
3908
3909
3848
3911
3913
3915
3913
7024
7100
7101
7103
3855
7100
7107
7108
7110
3918
3919
3921
7107
3925
3927
4923
3925
3930
3931
3933
7031
3930
7114
7115
7117
1019
1045
7038
7039
7042
7043
7114
7116
7118
7120
1020
1046
7045
7046
7049
7050
7177
7180
7181
1021
1047
7052
7053
7056
7057
7184
7187
7188
1022
1048
7059
7060
7063
7064
7122
7124
7126
7066
7121
7122
7124
3870
4929
4930
4932
7121
3937
3939
4929
3874
3942
7128
7129
7131
1027
1054
7073
7074
7077
7078
7128
7130
7132
7134
1028
1055
1029
1056
1030
1057
7136
7138
7140
7205
7208
7209
7080
7135
7136
7138
3881
3948
3949
3951
7135
3887
3948
3955
3956
3958
7087
7142
7143
7145
1035
1062
7142
7144
7146
7148
7150
7152
7154
7219
7222
7223
7094
7149
7150
7152
3894
3962
3963
7149
3967
3968
3970
3902
3967
7156
7157
7159
3908
3974
3976
7156
3979
3983
3984
3986
7101
3983
7108
7163
7164
7166
3919
4936
4937
4939
7163
3931
3992
3996
3997
3999
3996
7115
7170
7171
7173
1046
1072
7170
7172
7174
7176
7178
7180
7182
7247
7250
7251
7177
7178
7180
7177
7184
7185
7187
1049
1075
7184
7186
7188
7190
7254
7257
7258
1050
1076
7122
7123
7126
7127
7192
7194
7196
7261
7264
7265
4930
7191
7192
7194
3937
4003
4004
4006
7191
3943
4003
7198
7199
7201
1054
1080
7129
7130
7133
7134
7198
7200
7202
7204
1055
1081
1056
1082
1057
1083
7206
7208
7210
7275
7278
7279
7205
7206
7208
7136
7205
7212
7213
7215
3949
4010
4011
4013
7212
3955
4010
4017
4018
4020
4021
4023
7143
4020
7219
7220
7222
4027
4028
4030
7150
7219
4034
4035
4037
3968
4034
7226
7227
7229
7157
7226
7233
7234
7236
3974
4041
4042
4044
7233
4048
4050
7164
4048
4053
4054
4056
4937
3990
4053
4060
4061
4063
7171
7240
7241
7243
7240
7247
7248
7250
4067
4068
4070
7178
7247
4067
4074
4075
4077
7185
4074
7254
7255
7257
7254
7261
7262
7264
1078
1102
7192
7193
7196
7197
7261
7263
7265
7267
7269
7271
7273
7303
7306
7307
4004
7268
7269
7271
1080
1104
7199
7200
7203
7204
7268
7270
7272
7274
1081
1105
1082
1106
1083
1107
7276
7278
7280
7275
7276
7278
4943
4944
4946
7206
7275
4081
4082
4943
7213
4021
4086
4087
4089
4086
7220
7282
7283
7285
4028
4093
4094
4096
7282
4035
4102
4103
4105
4102
7227
7289
7290
7292
1092
1122
7234
7235
7238
7239
7289
7291
7293
7295
7297
7299
7301
7345
7348
7349
4042
7296
7297
7299
4109
4110
4112
7296
4054
4118
4120
4121
4060
4120
4123
4124
4128
4129
4131
7241
4128
4135
4136
4138
7248
4068
4135
4142
4143
4075
4142
4145
4146
4145
4148
4150
7255
4148
4153
4154
4156
7262
4153
7303
7304
7306
1104
1128
7269
7270
7273
7274
7303
7305
7307
7309
1105
1129
1106
1130
1107
1131
1108
1132
7311
7313
7315
7276
7310
7311
7313
4160
4161
4163
4944
7310
4171
4177
4178
4180
4177
4184
4185
4187
4184
4191
4192
4194
4191
4198
4199
4201
4198
4205
4206
4212
4213
4215
4087
4212
7317
7318
7320
7283
7317
7324
7325
7327
4094
7324
7331
7332
7334
4100
4219
4220
4222
7331
4103
4228
4229
4231
4228
7290
7338
7339
7341
7338
7345
7346
7348
7297
7345
7352
7353
7355
4110
7352
7359
7360
7362
4116
4235
4236
7359
4154
4238
4242
4243
4245
4242
7304
7366
7367
7369
1129
1159
7366
7368
7370
7372
1130
1160
1131
1161
7443
7446
7447
1132
1162
7450
7453
7454
1133
1163
7457
7460
7461
1134
1164
7311
7312
7315
7316
7374
7376
7378
4161
7373
7374
7376
4167
4249
4250
4252
7373
4172
4260
4261
4263
4178
4260
7380
7381
7383
4185
7380
7387
7388
7390
4192
7387
7394
7395
7397
4199
4267
4268
4270
7394
4274
4278
4279
4281
4208
4278
7401
7402
7404
4213
7401
7408
7409
7411
7318
7408
7415
7416
7418
4285
4286
4288
7325
7415
4285
7332
7422
7423
7425
4220
7422
7429
7430
7432
4226
4292
4293
4295
7429
4292
4299
4300
4302
4299
4306
4307
4309
4229
4306
4313
4314
4316
4313
4320
4321
4323
7339
4320
4327
4328
4330
7346
4327
4334
4335
4337
7353
4334
4341
4342
7360
4344
4345
4347
4243
4344
7436
7437
7439
1159
1190
7367
7368
7371
7372
7436
7438
7440
7442
1160
1191
1161
1192
7444
7446
7448
7545
7548
7549
7443
7444
7446
7443
7450
7451
7453
7450
7457
7458
7460
1165
1196
7457
7459
7461
7463
7552
7555
7556
1166
1197
7374
7375
7378
7379
7465
7467
7469
4250
7464
7465
7467
4256
7464
7471
7472
7474
4261
7471
7478
7479
7481
7381
7478
7485
7486
7488
1171
1202
7388
7389
7392
7393
7485
7487
7489
7491
7493
7495
7497
7566
7569
7570
7395
7492
7493
7495
4268
4351
4352
4354
7492
4358
4359
4361
7499
4279
4358
7503
7504
7506
1176
1207
7402
7403
7406
7407
7503
7505
7507
7509
7511
7513
7515
7409
7510
7511
7513
4365
4366
4367
7416
7510
4286
4365
4370
4372
4370
4950
4951
4953
7423
4950
7430
7517
7518
7520
4293
7517
7524
7525
7527
4300
7524
7531
7532
7534
4307
4375
4376
4377
7531
4314
4375
4380
4381
4321
4380
4957
4958
4328
4383
4384
4957
4335
4383
4386
4387
4345
4389
4390
4392
4389
7437
7538
7539
7541
1191
1214
7538
7540
7542
7544
7605
7608
7609
1192
1215
7546
7548
7550
7545
7546
7548
4960
4961
4963
7444
7545
4396
4397
4399
4960
7451
4396
4967
4968
4970
7458
4967
7552
7553
7555
1198
1219
7552
7554
7556
7558
1199
1220
7465
7466
7469
7470
7560
7562
7564
7626
7629
7630
7472
7559
7560
7562
4974
4975
4977
7479
7559
4403
4404
4406
4974
7486
4403
7566
7567
7569
4981
4982
4984
7493
7566
4352
4410
4411
4981
4359
4413
4414
4416
7573
4413
7504
7577
7578
7580
1208
1227
7577
7579
7581
7583
7585
7587
7589
7511
7584
7585
7587
4366
4420
4421
7584
4423
7518
7591
7592
7594
7525
7591
7598
7599
7601
4427
4428
4430
7532
7598
4434
4438
4439
4441
7539
4438
7605
7606
7608
1216
1236
7605
7607
7609
7611
7613
7615
7617
7668
7671
7672
7546
7612
7613
7615
4445
4446
4961
7612
4448
7553
7619
7620
7622
1220
1239
7619
7621
7623
7625
7627
7629
7631
7675
7678
7679
7626
7627
7629
4452
4453
4455
7560
7626
4452
4459
4460
4975
4462
4463
4465
7567
4462
4469
4470
4472
4982
4414
4476
4477
4479
4988
4476
7578
7633
7634
7636
1228
1248
7633
7635
7637
7639
7641
7643
7645
7585
7640
7641
7643
4420
4483
4484
7640
4486
4490
4491
4493
4490
7592
7647
7648
7650
7599
7647
7654
7655
7657
4428
4497
4498
4500
7654
4439
4504
4505
4507
4992
4504
7606
7661
7662
7664
7661
7668
7669
7671
4511
4512
4514
7613
7668
4518
4519
4521
7620
4518
7675
7676
7678
1241
1261
7627
7628
7631
7632
7675
7677
7679
7681
7683
7685
7687
4453
7682
7683
7685
4459
4994
4995
4997
7682
4525
4526
4528
4994
4463
4525
4532
4533
4535
4470
4532
4539
4540
4477
4542
4544
5001
4542
7634
7689
7690
7692
1249
1268
7689
7691
7693
7695
7697
7699
7701
7752
7755
7756
7641
7696
7697
7699
4483
5003
5004
5006
7696
4547
4548
4550
5003
4491
4547
7703
7704
7706
1254
1273
7648
7649
7652
7653
7703
7705
7707
7709
7711
7713
7715
7780
7783
7784
7655
7710
7711
7713
4498
4554
4555
4557
7710
4561
4563
4564
4566
7662
4563
7669
7717
7718
7720
4512
4570
4571
4573
7717
4519
4577
4578
4580
4577
7676
7724
7725
7727
1262
1280
7724
7726
7728
7730
1263
1281
7683
7684
7687
7688
7732
7734
7736
4995
7731
7732
7734
4526
7731
7738
7739
7741
4533
4584
4585
4587
7738
4539
4584
4591
4592
4594
7690
7745
7746
7748
7745
7752
7753
7755
1270
1288
7697
7698
7701
7702
7752
7754
7756
7758
7760
7762
7764
7815
7818
7819
5004
7759
7760
7762
4548
7759
7766
7767
7769
7704
7766
7773
7774
7776
7773
7780
7781
7783
4598
4599
4601
7711
7780
4564
4605
4606
4608
4605
7718
7787
7788
7790
4571
4612
4613
4615
7787
4578
4619
4620
4622
4619
7725
7794
7795
7797
1281
1299
7794
7796
7798
7800
7829
7832
7833
1282
1300
7802
7804
7806
7836
7839
7840
7732
7801
7802
7804
7739
7801
7808
7809
7811
4585
4626
4627
4629
7808
4591
4626
4633
4634
4636
4637
7746
4636
5010
5011
5013
7753
5010
7815
7816
7818
5017
5018
5020
7760
7815
4639
4640
5017
7767
4639
4642
4643
7774
4642
4645
4646
4648
7781
4599
4645
4652
4653
4655
4656
4658
7788
4613
4655
7822
7823
7825
4662
4663
7822
4620
4665
4666
4665
5024
5025
5027
7795
5024
7829
7830
7832
7829
7836
7837
7839
4668
4669
4670
7802
7836
4668
4673
4674
7809
4676
4677
4679
5011
4676
7816
7843
7844
7846
4683
4684
5018
7843
4656
4686
4688
4686
4691
4692
4694
7823
4662
4691
4698
4699
4701
4702
4704
5025
4701
7830
7850
7851
7853
4708
4709
4710
7837
7850
4669
4708
4713
4714
4718
4719
4721
7844
4698
4725
4729
4730
4702
4732
4733
4735
4732
7851
7857
7858
7860
4709
4739
4740
7857
4733
4742
4743
4745
4742
7858
7864
7865
7867
4739
4749
4750
7864
4743
4752
4753
4755
4752
4759
4760
4762
7865
4749
4759
4766
1326
1328
1326
1329
1330
1332
1384
1328
1329
1330
1334
1330
1387
1336
1388
1333
1335
1333
1336
1337
1339
5031
1335
1336
1337
1341
1337
5034
1343
5035
1340
1342
1340
1343
1344
1346
5038
1342
1343
1344
1348
1344
5041
1350
5042
1347
1349
1347
1350
1351
1353
5045
1349
1350
1351
1355
1351
5048
1357
5049
1354
1356
1354
1357
1358
1360
5052
1356
1357
1358
1362
1358
5055
1364
5056
1361
1363
1361
1364
1365
1367
5059
1363
1364
1365
1369
1365
5062
1371
5063
1368
1370
1368
1371
1372
1374
5066
1370
1371
1372
1376
1372
5069
1378
5070
1375
1377
1375
1378
1379
5073
1377
1378
1379
1379
5076
5077
1381
1382
1383
1385
1403
1383
1406
1389
1407
1386
1388
1386
1389
1390
5032
5080
1388
1389
1390
5034
1390
5083
5036
5084
1393
1395
1393
1396
5075
1397
1398
5087
1395
1396
5077
1397
1400
1397
5079
5090
1401
5091
1399
1401
1402
1410
1401
1402
1413
1414
1405
1407
1405
1408
1409
1421
5081
1407
1408
1409
5083
1409
1424
1425
5085
1412
1414
1412
1415
5089
1416
1417
5101
1414
1415
5091
1416
1416
5093
5104
1419
5105
1418
1419
1420
1428
1420
1431
1432
1423
1425
1423
1426
1427
5095
5108
1425
1426
1427
5097
1427
5111
5099
5112
1430
1432
1430
1433
5103
1434
1441
1432
1433
5105
1434
1434
1444
5107
1445
1437
1438
1437
1439
4768
1440
5109
5122
1440
5111
1440
4770
5125
5113
5126
1443
1445
1443
1446
5117
1447
1455
1445
1446
5119
1447
1447
1458
5121
1459
1450
1452
4768
1450
1453
1454
1488
5123
1452
1453
4769
1454
4770
5125
1454
1490
1491
5127
1457
1459
1457
1460
5131
1461
1500
1459
1460
5133
1461
1461
1501
5135
1502
1463
1464
1465
1466
1514
1465
1515
1468
1516
1467
1468
1469
1470
4771
1469
4774
1472
4775
1471
1472
1473
5150
1473
5153
5154
1475
1476
4778
1478
4782
1477
1478
1479
1480
5157
1479
5160
1482
5161
1481
1482
1483
1484
5164
1483
5167
1486
5168
1485
1486
1487
4785
1487
4788
4789
1489
1491
1492
1531
5137
1491
1492
5139
1533
5141
1495
1497
5131
1495
1498
5145
1499
1549
1497
1498
5134
5147
1499
1501
5135
1499
1551
5149
1552
1502
1502
1504
1505
1506
1508
1558
1506
1510
1512
1562
1509
1511
1509
1512
1513
5185
1511
1512
1513
1513
5188
5189
1516
1516
4774
1519
1521
1519
1522
5152
1523
1525
5199
1521
1522
5154
1523
1527
1523
5156
5202
1529
5203
1526
1528
1526
1529
1530
4779
5206
1528
1529
1530
4781
1530
5209
4783
5210
1532
1533
1534
1536
1586
1534
1538
1540
1588
1537
1539
5138
1537
1540
1541
1590
5172
1539
1540
5141
1541
5142
5174
1541
1593
1594
5176
1544
1546
5145
1544
1547
5180
1548
1550
1597
1546
1547
5148
5182
1548
1551
5149
1548
1600
5184
1553
1601
1552
1553
1552
1553
1605
1555
1556
1557
1559
1607
1557
1610
1563
1611
1560
1562
1560
1563
1564
5186
5269
1562
1563
1564
5188
1564
5272
5190
5273
1566
1568
5187
1569
1570
1614
1568
5189
1569
1617
5191
1571
1618
1571
1622
1574
1576
4773
1574
1577
1578
4792
5193
1576
1577
4776
1578
4777
5195
1578
4795
4796
5197
1581
1583
4787
1581
1584
5222
1585
1583
1584
4790
5224
1585
4791
1585
5226
1587
1588
1589
1591
1635
1589
1593
1595
1637
1592
1594
1592
1595
1596
1639
5228
1594
1595
1596
5230
1596
1642
1643
5232
1599
1601
1599
1602
5264
1603
1604
5304
1601
1602
5266
1603
1605
1603
5268
5307
1606
5308
1606
1606
1672
1609
1611
1609
1612
1613
1725
5270
1611
1612
1613
5272
1613
1728
1729
5274
1616
1618
1616
1619
5278
1620
1621
5318
1618
1619
5280
1620
1622
1620
5282
5321
1623
5322
1623
1623
4802
1625
1626
1627
4793
5325
1627
5328
4797
5329
1630
1632
5222
1630
1633
5292
1634
1746
1632
1633
5225
5294
1634
5226
1634
1748
5296
1749
1636
1637
1638
1640
1751
1638
1642
1644
1753
1641
1643
1641
1644
1645
1647
1755
1643
1644
1645
1649
1645
1758
1651
1759
1648
1650
5229
1648
1651
1652
1654
1762
1650
1651
5232
1652
1655
5233
1652
1763
1657
1764
1656
5236
1657
1656
1657
5239
1659
5240
1765
1660
5243
1660
5246
1662
5247
1663
5250
1663
5253
1666
5254
1665
1667
5257
1668
1766
5298
1667
5260
1668
5261
5300
1767
5302
1671
1673
1671
1674
5306
1675
1677
1778
1673
1674
5308
1675
1679
1675
1780
5310
1681
1781
1678
1680
1678
1681
1682
1684
1783
1680
1681
1682
1686
1682
1786
1688
1787
1685
1687
1685
1688
1689
1691
5360
1687
1688
1689
1693
1689
5363
1695
5364
1692
1694
1692
1695
1696
1698
5367
1694
1695
1696
1700
1696
5370
1702
5371
1699
1701
1699
1702
1703
1705
5374
1701
1702
1703
1707
1703
5377
1709
5378
1706
1708
1706
1709
1710
1712
5381
1708
1709
1710
1714
1710
5384
1716
5385
1713
1715
1713
1716
1717
1719
5388
1715
1716
1717
1721
1717
5391
1723
5392
1720
1722
1720
1723
1724
1726
1790
1722
1723
1724
1728
1724
1793
1730
1794
1727
1729
1727
1730
1731
1797
5312
1729
1730
1731
5314
1731
1798
1799
5316
1734
1736
1734
1737
4801
1738
5326
5409
1736
1737
4803
1738
5328
1738
4805
5412
5330
5413
1741
1743
5292
1741
1744
5341
1745
1747
1814
1743
1744
5295
5343
1745
1748
5296
1745
1815
5345
1750
1816
1749
1750
1749
1750
1817
1752
1753
1754
1756
1853
1754
1758
1760
1856
1757
1759
1757
1760
1761
1859
1759
1760
1761
1763
1761
1862
1863
1764
1764
1765
1767
1770
1769
1771
5299
1772
1866
5347
1771
5302
1772
5303
5349
1868
5351
1776
5306
1777
5355
1776
1777
5309
5357
1780
5310
5359
1779
1781
1782
1784
1781
1782
1786
1788
1785
1787
1785
1788
1789
1877
5361
1787
1788
1789
5363
1789
1879
5365
1792
1794
1792
1795
5390
1796
1794
1795
5392
1796
1798
1796
5394
1799
1799
1803
1802
1804
5313
1802
1805
1806
1895
5396
1804
1805
5316
1806
5317
5398
1806
1898
1899
5400
1809
1811
5341
1809
1812
5418
1813
1902
1811
1812
5344
5420
1813
1815
5345
1813
1905
5422
1906
1816
1816
1817
1819
1820
1909
1822
1911
1821
1822
1823
1825
1913
1823
1916
1829
1917
1826
1828
1826
1829
1830
1831
5472
1828
1829
1830
1830
5475
1833
5476
1832
1833
1834
1920
1834
1923
1924
1836
1837
1933
1839
1937
1838
1839
1840
1841
5479
1840
5482
1843
5483
1842
1843
1844
1845
5486
1844
5489
1847
5490
1846
1847
1848
1849
5493
1848
5496
1851
5497
1850
1851
1852
1854
5500
1852
5503
1857
5504
1855
1856
1855
1857
1858
1860
5507
1858
1862
1858
5510
1864
5511
1861
1863
1861
1864
1865
1940
1863
1864
1865
1865
1943
1944
1867
1868
1869
5424
1869
5426
5428
1872
1874
5355
1872
1875
5432
1876
1959
1874
1875
5358
5434
1876
5359
1876
1960
5436
1961
1878
1879
1880
1882
1880
1884
1886
1883
1885
5362
1883
1886
1887
5438
1885
1886
5365
1887
5366
5440
1887
5442
1890
1892
5390
1890
1893
5453
1894
1892
1893
5393
5455
1894
5394
1894
1980
5457
1897
1899
1897
1900
1901
1982
5459
1899
1900
1901
5461
1901
1984
1985
5463
1904
1906
1904
1907
5467
1908
1987
1906
1907
5469
1908
1908
1990
5471
1991
1910
1911
1912
1914
1994
1912
1916
1918
1996
1915
1917
1915
1918
1919
5473
5549
1917
1918
1919
5475
1919
5552
5477
5553
1922
1924
1922
1925
5474
1926
1927
5556
1924
1925
5476
1926
1926
5478
5559
1928
5560
1928
1999
1930
1931
1932
1934
2001
1932
1936
1938
2003
1935
1937
1935
1938
1939
2005
5480
1937
1938
1939
5482
1939
2008
2009
5484
1942
1944
1942
1945
5509
1946
5570
1944
1945
5511
1946
1946
5513
5573
5574
1949
1951
5425
1949
1952
1953
1955
2019
1951
1952
5428
1953
1956
5429
1953
2020
1958
2021
1957
5432
1958
1957
1958
5435
1960
5436
2022
1961
1961
1964
5439
1964
5442
1968
5443
1967
1969
5446
1967
1970
1971
1973
2023
1969
1970
5449
1971
1975
5450
1971
1977
2024
1974
1976
5453
1974
1977
1978
1979
2025
1976
1977
5456
1978
1980
5457
1978
2028
1981
2029
1981
1981
2033
1983
1985
1986
2035
5515
1985
1986
5517
2037
5519
1989
1991
1989
1992
5544
1993
5591
1991
1992
5546
1993
1993
5548
5594
5595
1995
1996
1997
2069
5550
1997
5552
2072
5554
2000
5558
2000
5560
2076
5562
2002
2003
2004
2006
2078
2004
2008
2010
2080
2007
2009
2007
2010
2011
2082
5564
2009
2010
2011
5566
2011
2085
2086
5568
2013
2015
5572
2016
2017
5619
2015
5574
2016
5576
5622
2018
5623
2018
2091
2021
2021
2022
2024
2028
2027
2029
2027
2030
2031
2032
2094
2029
2030
2031
2033
2031
2097
2034
2098
2034
2034
2103
2036
2037
2038
2040
2106
2038
2042
2044
2108
2041
2043
5516
2041
2044
2045
2110
5578
2043
2044
5519
2045
5520
5580
2045
2113
2114
5582
2048
2050
5530
2048
2051
4808
2052
2054
2050
2051
4810
5533
2052
2056
5534
2052
4812
2058
2055
2057
5537
2055
2058
2059
5585
2057
2058
5540
2059
5541
5587
2059
5589
2061
2063
5593
2064
2065
5633
2063
5595
2064
5597
5636
2067
5637
2066
2067
2068
2070
2134
2068
2137
2073
2138
2071
2072
2071
2073
2074
5599
5640
2074
5601
2074
5643
5603
5644
2077
5607
2077
5609
4816
5611
2079
2080
2081
2083
2161
2081
2085
2087
2163
2084
2086
2084
2087
2088
2165
5613
2086
2087
2088
5615
2088
2168
2169
5617
2090
2092
5621
2093
5661
2092
5623
2093
5625
5664
5665
2096
2098
2096
2099
2100
2101
2196
2098
2099
2100
2103
2100
2199
2104
2200
2102
2104
2105
2203
2104
2105
2206
2207
2107
2108
2109
2111
2210
2109
2113
2115
2214
2112
2114
2112
2115
2116
2118
5668
2114
2115
2116
2120
2116
5671
2122
5672
2119
2121
5579
2119
2122
2123
2124
2217
2121
2122
5582
2123
2125
5583
2123
2220
2126
2221
2126
2126
4811
2225
2129
2131
5586
2129
2132
2133
2227
5627
2131
2132
5589
2133
5590
5629
2133
2230
2231
5631
2136
2138
2136
2139
5635
2140
5641
5682
2138
2139
5637
2140
5643
2140
5639
5685
5645
5686
2142
2143
4815
2144
2145
5696
2144
4819
5699
2147
5700
2146
2147
2148
2149
5703
2148
5706
2151
5707
2150
2151
2152
2153
5710
2152
5713
2155
5714
2154
2155
2156
2157
5717
2156
5720
2159
5721
2158
2159
2160
2234
2160
2237
2238
2162
2163
2164
2166
2241
2164
2168
2170
2242
2167
2169
2167
2170
2171
2243
5655
2169
2170
2171
5657
2171
2245
2246
5659
2174
2176
2174
2177
5663
2178
2179
5731
2176
2177
5665
2178
2180
2178
5667
5734
2181
5735
2181
2181
4823
2183
2184
2185
2187
2248
2185
2189
2191
2252
2188
2190
2188
2191
2192
2193
5738
2190
2191
2192
2194
2192
5741
2195
5742
2195
2195
2258
2198
2200
2198
2201
2202
2204
5745
2200
2201
2202
2206
2202
5748
2208
5749
2205
2207
2205
2208
2209
5752
2207
2208
2209
2209
5755
5756
2212
2214
2212
2215
2216
5669
5759
2214
2215
2216
5671
2216
5762
5673
5763
2219
2221
2219
2222
5670
2223
2224
5766
2221
2222
5672
2223
2225
2223
5674
5769
2226
5770
2226
2226
2288
2229
2231
2229
2232
2233
5676
5773
2231
2232
2233
5678
2233
5776
5680
5777
2236
2238
2236
2239
5719
2240
2306
2238
2239
5721
2240
2240
2309
5723
2310
2242
2245
2244
2246
2247
2313
5725
2246
2247
5727
2315
5729
2250
2252
2250
2253
4822
2254
5739
5815
2252
2253
4824
2254
5741
2254
4826
5818
5743
5819
2257
2259
2257
2260
5740
2261
2262
5822
2259
2260
5742
2261
2264
2261
5744
5825
2265
5826
2263
2265
2266
2317
2265
2266
2320
2321
2268
2269
2270
5746
2270
5748
5750
2273
2275
2273
2276
5754
2277
2279
5836
2275
2276
5756
2277
2281
2277
5758
5839
2283
5840
2280
2282
2280
2283
2284
5760
5843
2282
2283
2284
5762
2284
5846
5764
5847
2287
2289
2287
2290
5768
2291
2293
5850
2289
2290
5770
2291
2295
2291
5772
5853
2297
5854
2294
2296
2294
2297
2298
2300
5857
2296
2297
2298
2302
2298
5860
2304
5861
2301
2303
2301
2304
2305
5774
5864
2303
2304
2305
5776
2305
5867
5778
5868
2308
2310
2308
2311
5782
2312
2331
2310
2311
5784
2312
2312
2334
5786
2335
2314
2315
2316
2338
5788
2316
5790
2340
5792
2319
2321
2319
2322
5824
2323
2353
2321
2322
5826
2323
2323
2356
5828
2357
2326
2328
5747
2326
2329
2330
2360
5830
2328
2329
5750
2330
5751
5832
2330
2363
2364
5834
2333
2335
2333
2336
5873
2337
2367
2335
2336
5875
2337
2337
2370
5877
2371
2339
2340
2341
2374
5879
2341
5881
2376
5883
2345
5796
2346
5887
2345
2346
5799
5889
2348
5800
2386
5891
2349
5803
2349
5806
2351
5807
2352
5810
2352
5813
4830
5814
2355
2357
2355
2358
5901
2359
5941
2357
2358
5903
2359
2359
5905
5944
5945
2362
2364
2362
2365
2366
2402
5907
2364
2365
2366
5909
2366
2405
2406
5911
2369
2371
2369
2372
5915
2373
2409
2371
2372
5917
2373
2373
2412
5919
2413
2375
2376
2377
2416
5921
2377
5923
2418
5925
2380
2382
5887
2380
2383
5929
2384
2385
2382
2383
5890
5931
2384
2386
5891
2384
2421
5933
2387
2387
2387
2390
2392
4829
2390
2393
2394
4835
2392
2393
4832
2394
4833
4837
2394
4839
2397
2399
2397
2400
5943
2401
4841
2399
2400
5945
2401
2401
4844
5947
4845
2404
2406
2404
2407
2408
5949
2406
2407
2408
5951
2408
5953
2411
2413
2411
2414
5964
2415
2446
2413
2414
5966
2415
2415
2449
5968
2450
2417
2418
2419
5970
2419
5972
5974
2422
5985
2422
5987
2457
5989
2424
2425
4836
2426
2459
5991
2426
4840
5993
2461
5995
2428
2429
4843
2430
2431
6067
2430
4847
6070
2433
6071
2432
2433
2434
2435
2463
2434
2466
2437
2467
2436
2437
2438
2470
2438
2473
2474
2441
2443
5950
2441
2444
2445
4849
2443
2444
5953
2445
4851
5954
2445
4853
2448
2450
2448
2451
6034
2452
2512
2450
2451
6036
2452
2452
2513
6038
2514
2455
5971
2455
5974
4858
5975
2458
6048
2458
6050
2528
6052
2460
2461
2462
2530
6054
2462
6056
2532
6058
2465
2467
2465
2468
6069
2469
2471
2541
2467
2468
6071
2469
2473
2469
2543
6073
2475
2544
2472
2474
2472
2475
2476
2546
2474
2475
2476
2476
2547
2548
2478
4850
2482
4854
2481
2483
6006
2481
2484
2485
2549
6075
2483
2484
6009
2485
6010
6077
2485
2550
2551
6079
2488
2490
6013
2488
2491
6097
2492
2494
2580
2490
2491
6016
6099
2492
2496
6017
2492
2581
6101
2498
2582
2495
2497
6020
2495
2498
2499
2497
2498
6023
2499
2502
6024
2499
2583
2501
2503
6027
2504
2584
6103
2503
6030
2504
6031
6105
2586
6107
2507
2509
6034
2507
2510
6111
2511
2602
2509
2510
6037
6113
2511
2513
6038
2511
2604
6115
2605
2514
2514
2516
2518
4857
2519
2521
2607
2518
4860
2519
2523
4861
2525
2609
2522
2524
6041
2522
2525
2526
2611
6117
2524
2525
6044
2526
6045
6119
2526
2614
2615
6121
2529
6125
2529
6127
2619
6129
2531
2532
2533
2621
6131
2533
6133
2625
6135
2536
2538
6069
2536
2539
6139
2540
2542
2538
2539
6072
6141
2540
2543
6073
2540
6143
2545
2544
2545
2544
2545
2547
2548
2548
2551
2551
2555
2554
2556
6076
2554
2557
2558
2560
2556
2557
6079
2558
2562
6080
2558
2564
2561
2563
6083
2561
2564
2565
2567
2563
2564
6086
2565
2569
6087
2565
2571
2568
2570
6090
2568
2571
2572
2574
2570
2571
6093
2572
2576
6094
2572
2578
2575
2577
6097
2575
2578
2579
2577
2578
6100
2579
2581
6101
2579
2582
2582
2583
2585
2586
2587
2589
2587
2591
2593
2590
2592
6104
2590
2593
2594
2635
6145
2592
2593
6107
2594
6108
6147
2594
2637
6149
2597
2599
6111
2597
2600
6167
2601
2603
2653
2599
2600
6114
6169
2601
2604
6115
2601
2656
6171
2606
2657
2605
2606
2605
2606
2661
2608
2609
2610
2612
2663
2610
2614
2616
2665
2613
2615
2613
2616
2617
2667
6173
2615
2616
2617
6175
2617
2670
2671
6177
2620
6181
2620
6183
2675
6185
2623
2625
2623
2626
4862
2627
2681
6187
2625
2626
2627
6189
2627
2684
4863
2685
6191
2630
2632
6139
2630
2633
6195
2634
2688
2632
2633
6142
6197
2634
6143
2634
2689
6199
2690
2636
2637
2638
2640
2638
2642
2644
2641
2643
6146
2641
2644
2645
2647
2643
2644
6149
2645
2649
6150
2645
2651
2648
2650
6153
2648
2651
2652
4865
2650
2651
6156
2652
4867
6157
2652
4869
2655
2657
2655
2658
6216
2659
2660
2709
2657
2658
6218
2659
2661
2659
2712
6220
2662
2713
2662
2662
2716
2664
2665
2666
2668
2717
2666
2670
2672
2719
2669
2671
2669
2672
2673
2721
6222
2671
2672
2673
6224
2673
2724
2725
6226
2676
6230
2676
6232
2730
6234
2678
2679
4862
2680
2682
2735
2680
2684
4863
2686
2738
2683
2685
2683
2686
2687
2741
6236
2685
2686
2687
6238
2687
2744
2745
6240
2690
2690
4875
2692
2693
4866
2694
2759
6243
2694
4870
6245
2760
6247
2697
2699
6209
2697
2700
6251
2701
2703
2775
2699
2700
6212
6253
2701
2705
6213
2701
2777
6255
2707
2778
2704
2706
6216
2704
2707
2708
2710
2780
2706
2707
6219
2708
2712
6220
2708
2781
2714
2782
2711
2713
2711
2714
2715
2713
2714
2715
2716
2715
2783
2718
2719
2720
2722
2784
2720
2724
2726
2787
2723
2725
2723
2726
2727
6257
6298
2725
2726
2727
6259
2727
6301
6261
6302
2729
2731
6265
2732
2733
6305
2731
6267
2732
6269
6308
2734
6309
2734
2792
2737
2738
2737
2739
2740
2742
2803
2740
2744
2740
2806
2746
2807
2743
2745
2743
2746
2747
6271
6312
2745
2746
2747
6273
2747
6315
6275
6316
2750
2752
4873
2750
2753
6272
2754
2752
2753
4876
6274
2754
4877
2754
2818
6276
2756
2757
2758
2824
2758
2827
2828
2760
2764
2763
2765
6244
2763
2766
2767
6278
2765
2766
6247
2767
6248
6280
2767
6282
2770
2772
6251
2770
2773
6293
2774
2776
2772
2773
6254
6295
2774
2777
6255
2774
2843
6297
2779
2778
2779
2778
2779
2781
2782
2782
2783
2786
2787
2786
2788
2789
2845
6299
2789
6301
2789
2847
2848
6303
2791
2793
6307
2794
2795
6340
2793
6309
2794
6311
6343
2797
6344
2796
2797
2798
2799
2850
2798
2853
2801
2854
2800
2801
2802
2804
6347
2802
6350
2808
6351
2805
2807
2805
2808
2809
6313
6354
2807
2808
2809
6315
2809
6357
6317
6358
2812
2814
6272
2812
2815
6314
2816
2817
2857
2814
2815
6275
6316
2816
2818
6276
2816
2860
6318
2819
2861
2819
2819
2864
2821
2822
2823
2825
6368
2823
6371
2829
6372
2826
2828
2826
2829
2830
2831
6375
2828
2829
2830
2830
6378
2833
6379
2832
2833
2834
2869
2834
2872
2873
2837
2839
6279
2837
2840
2841
4879
2839
2840
6282
2841
4881
6283
2841
4883
2844
6328
2844
6330
2881
6332
2846
2848
2849
2883
6334
2848
2849
6336
2884
6338
2852
2854
2852
2855
6342
2856
2897
6348
2854
2855
6344
2856
6350
2856
2898
6346
2899
6352
2859
2861
2859
2862
6363
2863
2861
2862
6365
2863
2864
2863
2908
6367
2866
2867
2868
4885
6369
2868
6371
4889
6373
2871
2873
2871
2874
6377
2875
6438
2873
2874
6379
2875
2875
6381
6441
6442
2877
2878
4880
2879
2977
6383
2879
4884
6385
2980
6387
2882
6391
2882
6393
2985
6395
2884
2887
2886
2888
6335
2889
6397
2888
6338
2889
6339
6399
6401
2892
2894
6342
2892
2895
6405
2896
2894
2895
6345
6407
2896
2898
6346
2896
3005
6409
2899
2899
2903
2902
2904
6349
2902
2905
2906
6411
2904
2905
6352
2906
6353
6413
2906
6415
2909
6419
2909
6421
6423
2911
2912
2913
2915
3021
2913
2917
2919
3023
2916
2918
2916
2919
2920
2922
6473
2918
2919
2920
2924
2920
6476
2926
6477
2923
2925
2923
2926
2927
2929
6480
2925
2926
2927
2931
2927
6483
2933
6484
2930
2932
2930
2933
2934
2935
6487
2932
2933
2934
2937
2934
6490
2938
6491
2936
2938
2939
2940
6494
2938
2939
6497
2942
6498
2941
2942
2943
3025
2943
3028
3029
2945
2946
2947
2948
3032
2947
3035
2950
3036
2949
2950
2951
2952
3039
2951
3042
2954
3043
2953
2954
2955
2956
3046
2955
3049
2958
3050
2957
2958
2959
2961
3053
2959
3056
2964
3057
2962
2963
2962
2964
2965
4886
6501
2965
4888
2965
6504
4890
6505
2967
2969
6440
2970
2971
3081
2969
6442
2970
3084
6444
2972
3085
2972
3090
2974
2975
2976
2978
3101
2976
3104
2981
3105
2979
2980
2979
2981
2982
6446
6515
2982
6448
2982
6518
6450
6519
2984
2986
6454
2987
2988
6522
2986
6456
2987
6458
6525
2989
6526
2989
3110
2992
2994
6398
2992
2995
2996
3113
6460
2994
2995
6401
2996
6402
6462
2996
3116
3117
6464
2999
3001
6405
2999
3002
6468
3003
3004
3120
3001
3002
6408
6470
3003
3005
6409
3003
3123
6472
3006
3124
3006
3006
3128
3009
3011
6412
3009
3012
3013
3015
3011
3012
6415
3013
3017
6416
3013
3019
3016
3018
6419
3016
3019
3020
3018
3019
6422
3020
6423
3020
3022
3023
3024
3130
6474
3024
6476
3132
6478
3027
3029
3027
3030
6496
3031
3134
3029
3030
6498
3031
3031
3137
6500
3138
3034
3036
3034
3037
3038
3040
3141
3036
3037
3038
3042
3038
3144
3044
3145
3041
3043
3041
3044
3045
3047
6557
3043
3044
3045
3049
3045
6560
3051
6561
3048
3050
3048
3051
3052
3054
6564
3050
3051
3052
3056
3052
6567
3058
6568
3055
3057
3055
3058
3059
6502
6571
3057
3058
3059
6504
3059
6574
6506
6575
3062
3064
6426
3062
3065
6510
3066
3068
3064
3065
6429
6512
3066
3070
6430
3066
6514
3072
3069
3071
6433
3069
3072
3073
3075
3071
3072
6436
3073
3077
6437
3073
3079
3076
3078
6440
3076
3079
3080
3082
3078
3079
6443
3080
3084
6444
3080
3086
3083
3085
3083
3086
3087
3088
3085
3086
3087
3090
3087
3091
3089
3091
3092
3093
3151
3091
3092
3095
3153
3094
3095
3096
3097
3155
3096
3158
3099
3159
3098
3099
3100
3102
6578
3100
6581
3106
6582
3103
3105
3103
3106
3107
6516
6585
3105
3106
3107
6518
3107
6588
6520
6589
3109
3111
6524
3112
3162
3111
6526
3112
3165
6528
3166
3115
3117
3115
3118
3119
3169
6530
3117
3118
3119
6532
3119
3172
3173
6534
3122
3124
3122
3125
6538
3126
3127
3176
3124
3125
6540
3126
3128
3126
3178
6542
3129
3179
3129
3129
3181
3131
3132
3133
3182
6544
3133
6546
3184
6548
3136
3138
3136
3139
6552
3140
3193
3138
3139
6554
3140
3140
3195
6556
3196
3143
3145
3143
3146
3147
3198
6558
3145
3146
3147
6560
3147
3199
3200
6562
3150
6510
3150
4896
6513
6514
3152
3153
3154
3156
3215
3154
3158
3160
3217
3157
3159
3157
3160
3161
3219
6579
3159
3160
3161
6581
3161
3222
3223
6583
3164
3166
3164
3167
6594
3168
6648
3166
3167
6596
3168
3168
6598
6651
6652
3171
3173
3171
3174
3175
4899
6600
3173
3174
3175
6602
3175
4902
4903
6604
3179
3180
6608
3179
3180
6610
3181
3243
6612
3183
3184
3185
3247
6614
3185
6616
3251
6618
3188
3190
6552
3188
3191
6622
3192
3194
6669
3190
3191
6555
6624
3192
3195
6556
3192
6626
6672
3197
6673
3196
3197
3196
3197
3256
3200
3200
3204
3203
3205
6559
3203
3206
3207
3259
6628
3205
3206
6562
3207
6563
6630
3207
3262
3263
6632
3210
3212
4894
3210
3213
6636
3214
3266
3212
3213
4897
6638
3214
4898
3214
3269
6640
3270
3216
3217
3218
3220
3218
3222
3224
3221
3223
3221
3224
3225
3273
6642
3223
3224
3225
6644
3225
3275
6646
3228
3230
3228
3231
6650
3232
3277
3230
3231
6652
3232
3232
3280
6654
3281
3234
3284
4900
3286
4904
3237
3239
6608
3237
3240
6657
3241
3242
3239
3240
6611
6659
3241
3243
6612
3241
6661
3244
3244
3244
3246
3248
3300
3252
3304
3249
3251
3249
3252
3253
6663
6711
3251
3252
3253
6665
3253
6714
6667
6715
3255
3257
6671
3258
6732
3257
6673
3258
6675
6735
6736
3261
3263
3261
3264
3265
4906
6677
3263
3264
3265
6679
3265
4907
6681
3268
3270
3268
3271
6685
3272
3330
3270
3271
6687
3272
3272
3331
6689
3332
3274
3275
3276
3333
6691
3276
6693
3334
6695
3279
3281
3279
3282
6706
3283
6753
3281
3282
6708
3283
3283
6710
6756
6757
3285
3286
3287
3289
3355
3287
3291
3293
3356
3290
3292
4901
3290
3293
3294
3296
3357
3292
3293
4904
3294
3297
4905
3294
3358
3299
3359
3298
6657
3299
3298
3299
6660
6661
3360
3302
3304
3302
3305
3306
6712
6760
3304
3305
3306
6714
3306
6763
6716
6764
3309
3311
6664
3309
3312
6713
3313
3375
6719
3311
3312
6667
6715
3313
6668
6721
3313
3376
6717
3377
6723
3316
3318
3316
3319
6734
3320
3321
6774
3318
3319
6736
3320
3322
3320
6738
6777
3323
6778
3323
3323
4911
3326
6678
3326
4907
6681
3328
6682
3329
6685
3329
6688
3331
6689
3332
3332
3334
3336
3337
6692
3337
6695
3341
6696
3340
3342
6699
3340
3343
3344
3420
6740
3342
3343
6702
3344
6703
6742
3344
3422
3423
6744
3347
3349
6706
3347
3350
6748
3351
3439
6754
3349
3350
6709
6750
3351
6710
6756
3351
3441
6752
3442
6758
3354
6755
3354
6757
4918
6759
3356
3358
3359
3359
3360
3363
3365
3363
3366
3367
3463
6761
3365
3366
3367
6763
3367
3466
3467
6765
3370
3372
6713
3370
3373
6762
3374
3372
3373
6716
6764
3374
3376
6717
3374
6766
3377
3377
3380
3379
3381
6720
3382
3384
3381
6723
3382
3386
6724
3388
3385
3387
6727
3385
3388
3389
3477
6768
3387
3388
6730
3389
6731
6770
3389
3479
6772
3392
3394
3392
3395
4910
3396
3481
3394
3395
4912
3396
3396
3484
4914
3485
3398
3399
3400
3402
3488
3400
3404
3406
3490
3403
3405
3403
3406
3407
3409
3492
3405
3406
3407
3411
3407
3495
3413
3496
3410
3412
3410
3413
3414
3415
6809
3412
3413
3414
3417
3414
6812
3418
6813
3416
3418
3419
3499
3418
3419
3502
3503
3421
3423
3424
3426
3423
3424
3428
3430
3427
3429
6741
3427
3430
3431
3510
6782
3429
3430
6744
3431
6745
6784
3431
3512
6786
3434
3436
6748
3434
3437
6790
3438
3440
3436
3437
6751
6792
3438
3441
6752
3438
3515
6794
3443
3442
3443
3442
3443
3446
3445
3447
6755
3448
4916
3447
6758
3448
4918
6759
4920
3451
3453
3451
3454
4917
3455
3457
6837
3453
3454
4919
3455
3459
3455
4921
6840
3461
6841
3458
3460
3458
3461
3462
3524
3460
3461
3462
3462
3527
3528
3465
3467
3465
3468
3469
3471
3556
3467
3468
3469
3473
3469
3559
3475
3560
3472
3474
6762
3472
3475
3476
3474
3475
6765
3476
6766
3476
3564
3478
3479
3480
6796
3480
6798
6800
3483
3485
3483
3486
6804
3487
3573
3485
3486
6806
3487
3487
3576
6808
3577
3489
3490
3491
3493
3580
3491
3495
3497
3581
3494
3496
3494
3497
3498
3582
6810
3496
3497
3498
6812
3498
3585
3586
6814
3501
3503
3501
3504
6811
3505
3506
6865
3503
3504
6813
3505
3505
6815
6868
3508
6869
3507
3508
3509
6872
3509
6875
6876
3511
3512
3513
6817
3513
6819
6821
3516
6832
3516
6834
6836
3519
3521
4917
3519
3522
3523
6838
3521
3522
4920
3523
4921
6840
3523
6842
3526
3528
3526
3529
6839
3530
3619
3528
3529
6841
3530
3530
3622
6843
3623
3532
3533
3534
3536
3640
3534
3538
3540
3644
3537
3539
3537
3540
3541
3543
6883
3539
3540
3541
3545
3541
6886
3547
6887
3544
3546
3544
3547
3548
3550
6890
3546
3547
3548
3552
3548
6893
3554
6894
3551
3553
3551
3554
3555
3557
6897
3553
3554
3555
3559
3555
6900
3561
6901
3558
3560
3558
3561
3562
3563
3647
3560
3561
3562
3564
3562
3650
3565
3651
3565
3565
3655
3568
3570
6797
3568
3571
3572
3657
6845
3570
3571
6800
3572
6801
6847
3572
3660
3661
6849
3575
3577
3575
3578
6853
3579
6911
3577
3578
6855
3579
3579
6857
6914
6915
3581
3585
3584
3586
3584
3587
3588
3682
6859
3586
3587
3588
6861
3588
3683
6863
3591
3593
3591
3594
6874
3595
3596
6925
3593
3594
6876
3595
3597
3595
6878
6928
3598
6929
3598
3598
3694
3601
3603
6818
3601
3604
3605
3607
3705
3603
3604
6821
3605
3608
6822
3605
3708
3610
3709
3609
6825
3610
3609
3610
6828
3612
6829
3713
3613
6832
3613
6835
6836
3615
3617
6839
3618
3620
3715
3617
6842
3618
3622
6843
3624
3716
3621
3623
3621
3624
3625
3717
3623
3624
3625
3625
3718
3719
3627
3628
3629
3720
6879
3629
3723
3724
6881
3631
3632
6880
3633
3734
3633
3737
6882
3738
3636
3637
3636
3638
3639
3641
3743
3639
3643
3639
3746
3645
3747
3642
3644
3642
3645
3646
3750
6884
3644
3645
3646
6886
3646
3753
3754
6888
3649
3651
3649
3652
6899
3653
3654
6939
3651
3652
6901
3653
3655
3653
6903
6942
3656
6943
3656
3656
3773
3659
3661
3659
3662
3663
6905
3661
3662
3663
6907
3663
6909
3666
3668
3666
3669
6913
3670
3671
6967
3668
3669
6915
3670
3673
3670
6917
6970
3674
6971
3672
3674
3675
3676
6974
3674
3675
6977
3677
6978
3677
3785
3679
3680
3681
3796
3681
3799
3800
3683
3687
3686
3688
6860
3686
3689
3690
3807
6919
3688
3689
6863
3690
6864
6921
3690
3810
3811
6923
3693
3695
3693
3696
6927
3697
3699
6988
3695
3696
6929
3697
3701
3697
6931
6991
3703
6992
3700
3702
3700
3703
3704
3706
6995
3702
3703
3704
3708
3704
6998
3710
6999
3707
3709
3707
3710
3711
3712
3814
3709
3710
3711
3713
3711
3817
3714
3818
3714
3714
3822
3716
3718
3719
3719
3722
3724
3722
3725
3726
3728
7002
3724
3725
3726
3730
3726
7005
3732
7006
3729
3731
6880
3729
3732
3733
3735
7009
3731
3732
6881
3733
3737
6882
3733
7012
3739
7013
3736
3738
3736
3739
3740
3741
7016
3738
3739
3740
3740
7019
3742
7020
3742
3829
3745
3747
3745
3748
3749
3751
3838
3747
3748
3749
3753
3749
3840
3755
3841
3752
3754
3752
3755
3756
3758
3754
3755
3756
3760
3756
3762
3759
3761
6885
3759
3762
3763
3765
3761
3762
6888
3763
3767
6889
3763
3769
3766
3768
6892
3766
3769
3770
3843
6933
3768
3769
6895
3770
6896
6935
3770
3845
6937
3772
3774
6941
3775
3854
3774
6943
3775
3857
6945
3858
3778
3780
6906
3778
3781
3782
3861
6947
3780
3781
6909
3782
6910
6949
3782
3862
3863
6951
3784
3786
6976
3787
3788
7037
3786
6978
3787
6980
7040
3790
7041
3789
3790
3791
3792
7044
3791
7047
3794
7048
3793
3794
3795
3797
7051
3795
7054
3801
7055
3798
3800
3798
3801
3802
3803
7058
3800
3801
3802
3802
7061
3805
7062
3804
3805
3806
7065
3806
7068
7069
3809
3811
3809
3812
3813
3873
6982
3811
3812
3813
6984
3813
3876
3877
6986
3816
3818
3816
3819
6997
3820
3821
3880
3818
3819
6999
3820
3822
3820
3883
7001
3823
3884
3823
3823
3888
3825
3826
3827
3890
7003
3827
7005
3892
7007
3830
7018
3830
7020
3895
7022
3833
3835
3833
3836
3837
3839
3901
3835
3836
3837
3840
3837
3904
3842
3905
3841
3842
3841
3842
3909
3844
3845
3846
3848
3911
3846
3850
3852
3912
3849
3851
6934
3849
3852
3853
3913
7024
3851
3852
6937
3853
6938
7026
3853
3915
3916
7028
3856
3858
3856
3859
7025
3860
7107
3858
3859
7027
3860
3860
7029
7110
7111
3863
3863
3865
3866
6948
3866
6951
3868
6952
3869
6955
3869
6958
4925
6959
3872
7067
3872
7069
4932
7071
3875
3877
3875
3878
3879
7073
7128
3877
3878
3879
7075
3879
7131
7077
7132
3882
3884
3882
3885
7081
3886
3887
3948
3884
3885
7083
3886
3888
3886
3951
7085
3889
3952
3889
3889
3956
3891
3892
3893
3958
7087
3893
7089
3960
7091
3896
7095
3896
7097
3963
7099
3898
3899
3900
3902
3967
3900
3904
3906
3971
3903
3905
3903
3906
3907
3908
7156
3905
3906
3907
3909
3907
7159
3910
7160
3910
3910
3976
3912
3915
3914
3916
3917
3979
7101
3916
3917
7103
3981
7105
3920
3922
3920
3923
7109
3924
4936
3922
3923
7111
3924
3924
4939
7113
4940
3926
3928
4924
3929
3931
3992
3928
4927
3929
3933
4928
3935
3994
3932
3934
7032
3932
3935
3936
3996
7115
3934
3935
7035
3936
7036
7117
3936
3999
4000
7119
3938
3940
4931
3941
3943
4003
3940
4933
3941
4006
4935
3946
4007
3944
3945
3944
3946
3947
7129
7198
3947
7131
3947
7201
7133
7202
3950
3952
3950
3953
7137
3954
3955
4010
3952
3953
7139
3954
3956
3954
4013
7141
3957
4014
3957
3957
4018
3959
3960
3961
7143
3961
7145
7147
3964
7151
3964
7153
7155
3966
3968
4034
3972
4038
3969
3971
3969
3972
3973
7157
7226
3971
3972
3973
7159
3973
7229
7161
7230
3975
3977
7158
3978
4041
3977
7160
3978
4044
7162
4045
3980
3981
3982
3984
3982
3986
3988
3985
3987
7102
3985
3988
3989
7164
3987
3988
7105
3989
7106
7166
3989
7168
3991
4938
4061
4942
3993
3994
3995
3997
3995
3999
4001
3998
4000
3998
4001
4002
4063
7171
4000
4001
4002
7173
4002
4065
7175
4005
4007
4005
4008
7193
4009
7199
7268
4007
4008
7195
4009
7201
4009
7197
7271
7203
7272
4012
4014
4012
4015
7214
4016
4017
4014
4015
7216
4016
4018
4016
7218
4019
4019
4019
4022
4024
7144
4022
4025
4026
4086
7220
4024
4025
7147
4026
7148
7222
4026
4089
4090
7224
4029
4031
7151
4029
4032
7221
4033
4093
4031
4032
7154
7223
4033
7155
4033
4096
7225
4097
4036
4038
4036
4039
4040
4102
7227
4038
4039
4040
7229
4040
4105
4106
7231
4043
4045
4043
4046
7235
4047
7296
4045
4046
7237
4047
4047
7239
7299
7300
4049
4051
7165
4052
4054
4118
4051
7168
4052
4056
7169
4058
4119
4055
4057
4938
4055
4058
4059
4060
4120
4057
4058
4941
4059
4061
4942
4059
4121
4062
4122
4062
4062
4123
4064
4065
4066
4124
7241
4066
7243
4126
7245
4069
4071
7179
4069
4072
7249
4073
4075
4142
4071
4072
7182
7251
4073
4077
7183
4073
4143
7253
4079
4144
4076
4078
7186
4076
4079
4080
4145
7255
4078
4079
7189
4080
7190
7257
4080
4146
4147
7259
4083
7214
4083
4947
7217
7218
4085
4087
4212
4091
4216
4088
4090
4088
4091
4092
7283
7317
4090
4091
4092
7285
4092
7320
7287
7321
4095
4097
4095
4098
7284
4099
4100
7331
4097
4098
7286
4099
4099
7288
7334
4101
7335
4101
4222
4104
4106
4104
4107
4108
4228
7290
4106
4107
4108
7292
4108
4231
4232
7294
4111
4113
4111
4114
7298
4115
4116
7359
4113
4114
7300
4115
4115
7302
7362
4117
7363
4117
4236
4119
4121
4122
4122
4123
4125
4126
4127
4129
4127
4131
4133
4130
4132
7242
4130
4133
4134
4136
4132
4133
7245
4134
4138
7246
4134
4140
4137
4139
7249
4137
4140
4141
4139
4140
7252
4141
4143
7253
4141
4144
4144
4146
4147
4147
4150
4149
4151
7256
4152
4154
4238
4151
7259
4152
4156
7260
4158
4240
4155
4157
7263
4155
4158
4159
4242
7304
4157
4158
7266
4159
7267
7306
4159
4245
4246
7308
4162
4164
4945
4162
4165
7312
4166
4167
7373
4164
4165
4948
7314
4166
4949
4166
7316
7376
4169
7377
4168
4169
4170
4249
4170
4252
4253
4173
4174
4173
4175
4176
4178
4260
4176
4180
4176
4263
4182
4264
4179
4181
4179
4182
4183
4185
7380
4181
4182
4183
4187
4183
7383
4189
7384
4186
4188
4186
4189
4190
4192
7387
4188
4189
4190
4194
4190
7390
4196
7391
4193
4195
4193
4196
4197
4199
7394
4195
4196
4197
4201
4197
7397
4203
7398
4200
4202
4200
4203
4204
4205
4267
4202
4203
4204
4206
4204
4270
4207
4271
4207
4207
4209
4210
4211
4213
7401
4211
7404
4217
7405
4214
4216
4214
4217
4218
7318
7408
4216
4217
4218
7320
4218
7411
7322
7412
4221
4223
4221
4224
7333
4225
4226
7429
4223
4224
7335
4225
4225
7337
7432
4227
7433
4227
4295
4230
4232
4230
4233
4234
4313
7339
4232
4233
4234
7341
4234
4316
4317
7343
4237
7361
4237
7363
7365
4239
4240
4241
4243
4344
4241
4245
4247
4348
4244
4246
4244
4247
4248
7367
7436
4246
4247
4248
7369
4248
7439
7371
7440
4251
4253
4251
4254
7375
4255
4256
7464
4253
4254
7377
4255
4255
7379
7467
4258
7468
4257
4258
4259
4261
7471
4259
7474
4265
7475
4262
4264
4262
4265
4266
7381
7478
4264
4265
4266
7383
4266
7481
7385
7482
4269
4271
4269
4272
7396
4273
4351
4271
4272
7398
4273
4273
4354
7400
4355
4275
4276
4277
4279
4358
4277
4281
4283
4362
4280
4282
4280
4283
4284
7402
7503
4282
4283
4284
7404
4284
7506
7406
7507
4287
4289
7326
4287
4290
7417
4291
4370
7423
4289
4290
7329
7419
4291
7330
7425
4291
4372
7421
4373
7427
4294
4296
4294
4297
7431
4298
4300
7524
4296
4297
7433
4298
4302
4298
7435
7527
4304
7528
4301
4303
4301
4304
4305
4307
7531
4303
4304
4305
4309
4305
7534
4311
7535
4308
4310
4308
4311
4312
4314
4375
4310
4311
4312
4316
4312
4377
4318
4378
4315
4317
4315
4318
4319
4321
4380
4317
4318
4319
4323
4319
4381
4325
4382
4322
4324
7340
4322
4325
4326
4328
4957
4324
4325
7343
4326
4330
7344
4326
4958
4332
4959
4329
4331
7347
4329
4332
4333
4335
4383
4331
4332
7350
4333
4337
7351
4333
4384
4339
4385
4336
4338
7354
4336
4339
4340
4386
4338
4339
7357
4340
4342
7358
4340
4387
4388
4343
7361
4343
7364
7365
4346
4348
4346
4349
4350
4389
7437
4348
4349
4350
7439
4350
4392
4393
7441
4353
4355
4353
4356
7494
4357
4410
4355
4356
7496
4357
4357
4411
7498
4412
4360
4362
4360
4363
7500
4364
4413
7504
4362
4363
7501
4364
7506
4364
4416
7502
4417
7508
4368
7417
4369
7512
4368
4369
7420
7514
4372
7421
4421
7516
4371
4373
4374
4951
4373
4374
4953
4955
4378
4379
7533
4378
4379
7535
4381
7537
4382
4382
4958
4385
4385
4959
4387
4388
4388
4391
4393
4391
4394
4395
4434
7539
4393
4394
4395
7541
4395
4436
7543
4398
4400
7452
4398
4401
4962
4402
4968
4400
4401
4964
7455
4402
4970
7456
4402
4966
4972
4405
4407
7487
4405
4408
4976
4409
7567
4407
4408
4978
7490
4409
7491
7569
4409
4980
7571
4412
4412
4985
4415
4417
4415
4418
7574
4419
4476
7578
4417
4418
7575
4419
7580
4419
4479
7576
4480
7582
4422
7586
4422
7588
4484
7590
4424
4425
4952
4426
4490
7592
4426
4956
7594
4494
7596
4429
4431
7533
4429
4432
7600
4433
4497
4431
4432
7536
7602
4433
7537
4433
4500
7604
4501
4435
4436
4437
4439
4992
4437
4441
4443
4993
4440
4442
7540
4440
4443
4444
4504
7606
4442
4443
7543
4444
7544
7608
4444
4507
4508
7610
4447
7614
4447
4965
7616
7618
4449
4450
4969
4451
7620
4451
4973
7622
7624
4454
4456
7561
4454
4457
7628
4458
4459
7682
4456
4457
7564
7630
4458
4460
7565
4458
7632
7685
4461
7686
4461
4461
4979
4997
4464
4466
7568
4464
4467
4468
4470
4532
4466
4467
7571
4468
4472
7572
4468
4535
4474
4536
4471
4473
4983
4471
4474
4475
4473
4474
4986
4475
4987
4475
4540
4478
4480
4478
4481
4989
4482
4542
7634
4480
4481
4990
4482
7636
4482
4544
4991
4545
7638
4485
7642
4485
7644
5006
7646
4487
4488
4489
4491
4547
4489
4493
4495
4551
4492
4494
4492
4495
4496
7648
7703
4494
4495
4496
7650
4496
7706
7652
7707
4499
4501
4499
4502
7656
4503
4554
4501
4502
7658
4503
4503
4557
7660
4558
4506
4508
4506
4509
4510
4561
7662
4508
4509
4993
4510
7664
4510
4562
7666
4513
4515
7614
4513
4516
7670
4517
4570
4515
4516
7617
7672
4517
7618
4517
4573
7674
4574
4520
4522
7621
4520
4523
4524
4577
7676
4522
4523
7624
4524
7625
7678
4524
4580
4581
7680
4527
4529
4527
4530
4996
4531
4533
7738
4529
4530
4998
4531
4535
4531
5000
7741
4537
7742
4534
4536
4534
4537
4538
4539
4584
4536
4537
4538
4540
4538
4587
4541
4588
4541
4541
4592
4543
4545
4546
4594
7690
4545
5002
4546
7692
4596
7694
4549
4551
4549
4552
5005
4553
7704
7766
4551
4552
5007
4553
7706
4553
5009
7769
7708
7770
4556
4558
4556
4559
7712
4560
4558
4559
7714
4560
4560
7716
4562
4566
4565
4567
7663
4565
4568
4569
4605
7718
4567
4568
7666
4569
7667
7720
4569
4608
4609
7722
4572
4574
4572
4575
7719
4576
4612
4574
4575
7721
4576
4576
4615
7723
4616
4579
4581
4579
4582
4583
4619
7725
4581
4582
4583
7727
4583
4622
4623
7729
4586
4588
4586
4589
7740
4590
4591
4626
4588
4589
7742
4590
4592
4590
4629
7744
4593
4630
4593
4593
4634
4595
4596
4597
7746
4597
7748
7750
4600
4602
7712
4600
4603
7782
4604
4652
4602
4603
7715
7784
4604
7716
4604
4653
7786
4654
4607
4609
4607
4610
4611
7788
4609
4610
4611
7790
4611
7792
4614
4616
4614
4617
7789
4618
7822
4616
4617
7791
4618
4618
7793
7825
7826
4621
4623
4621
4624
4625
4665
7795
4623
4624
4625
7797
4625
4666
4667
7799
4628
4630
4628
4631
7810
4632
4633
4630
4631
7812
4632
4634
4632
7814
4635
4635
4635
4638
7747
4638
7750
5013
7751
4641
7768
4641
5021
7771
4643
7772
4644
7775
4644
7778
4648
7779
4647
4649
7782
4647
4650
4651
4649
4650
7785
4651
4653
7786
4651
4654
4654
4657
4659
7789
4657
4660
4661
4686
7823
4659
4660
7792
4661
7793
7825
4661
4688
4689
7827
4664
7824
4664
7826
4699
7828
4667
4667
5027
4671
7803
4672
7838
4671
4672
7806
7840
4674
7807
4713
7842
4675
7810
4675
7813
7814
4678
4680
5012
4678
4681
4682
4714
7844
4680
4681
5015
4682
5016
7846
4682
4716
7848
4685
7845
4685
5022
7847
7849
4687
4689
4690
4692
4689
4690
4694
4696
4693
4695
7824
4693
4696
4697
4698
4725
4695
4696
7827
4697
4699
7828
4697
4700
4727
4700
4700
4730
4703
4705
5026
4703
4706
4707
4732
7851
4705
4706
5029
4707
5030
7853
4707
4735
4736
7855
4711
7838
4712
7852
4711
4712
7841
7854
4713
7842
4740
7856
4715
4716
4717
4719
4717
4721
4723
4720
4722
7845
4720
4723
4724
4722
4723
7848
4724
7849
4724
4726
4727
4728
4729
4728
4730
4731
4731
4731
4734
4736
4734
4737
4738
4742
7858
4736
4737
4738
7860
4738
4745
4746
7862
4741
7859
4741
7861
4750
7863
4744
4746
4744
4747
4748
4752
7865
4746
4747
4748
7867
4748
4755
4756
7869
4751
7866
4751
7868
4766
7870
4754
4756
4754
4757
4758
4760
4756
4757
4758
4762
4758
4764
4761
4763
7866
4761
4764
4765
4763
4764
7869
4765
4766
7870
4765
4768
4769
4770
4770
4773
4775
4773
4776
4777
5151
4775
4776
4777
5153
4777
5155
4780
4782
4780
4783
4784
5158
5213
4782
4783
4784
5160
4784
5216
5162
5217
4787
4789
4787
4790
5166
4791
4789
4790
5168
4791
4791
5170
4794
4796
4794
4797
4798
5284
5332
4796
4797
4798
5286
4798
5335
5288
5336
4801
4803
4801
4804
5320
4805
5402
4803
4804
5322
4805
4805
5324
5405
5406
4808
4810
5523
4808
4811
5579
4812
4810
4811
5526
5581
4812
5527
4812
5583
4815
4817
4815
4818
5649
4819
5689
4817
4818
5651
4819
4819
5653
5692
5693
4822
4824
4822
4825
5733
4826
5808
4824
4825
5735
4826
4826
5737
5811
5812
4829
4831
5817
4829
4832
4833
5893
4831
4832
5820
4833
5821
5895
4833
5897
4836
4838
5894
4836
4839
4840
5935
4838
4839
5897
4840
5898
5937
4840
5939
4843
4845
4843
4846
5999
4847
6060
4845
4846
6001
4847
4847
6003
6063
6064
4850
4852
5957
4850
4853
4854
6005
4852
4853
5960
4854
5961
6007
4854
6009
4857
4859
5978
4857
4860
4861
6040
4859
4860
5981
4861
5982
6042
4861
6044
4863
4866
4868
6160
4866
4869
4870
6201
4868
4869
6163
4870
6164
6203
4870
6205
4873
4875
6195
4873
4876
6237
4877
4875
4876
6198
6239
4877
6199
4877
6241
4880
4882
6286
4880
4883
4884
6320
4882
4883
6289
4884
6290
6322
4884
6324
4887
4889
4887
4890
4891
6425
6508
4889
4890
4891
6427
4891
6511
6429
6512
4894
4896
6503
4894
4897
6573
4898
4896
4897
6506
6575
4898
6507
4898
6577
4901
4903
4901
4904
4905
6656
4903
4904
4905
6658
4905
6660
4907
4910
4912
4910
4913
6776
4914
6802
4912
4913
6778
4914
4914
6780
6805
6806
4917
4919
4917
4920
4921
4919
4920
4921
4921
4924
4926
6962
4924
4927
4928
7031
4926
4927
6965
4928
6966
7033
4928
7035
4931
4933
4931
4934
7123
4935
7191
4933
4934
7125
4935
4935
7127
7194
7195
4938
4940
4938
4941
7165
4942
4940
4941
7167
4942
4942
7169
4945
4947
7207
4945
4948
7277
4949
4947
4948
7210
7279
4949
7211
4949
7281
4952
4954
7424
4952
4955
4956
7518
4954
4955
7427
4956
7428
7520
4956
7522
4959
4959
4962
4964
7445
4962
4965
7547
4966
4964
4965
7448
7549
4966
7449
4966
7551
4969
4971
7459
4969
4972
4973
7553
4971
4972
7462
4973
7463
7555
4973
7557
4976
4978
7480
4976
4979
7561
4980
4978
4979
7483
7563
4980
7484
4980
7565
4983
4985
7494
4983
4986
7568
4987
4985
4986
7497
7570
4987
7498
4987
7572
4989
4990
7574
4991
5001
4991
7576
5002
4993
4996
4998
4996
4999
7684
5000
7731
4998
4999
7686
5000
5000
7688
7734
7735
5002
5005
5007
5005
5008
7698
5009
7759
5007
5008
7700
5009
5009
7702
7762
7763
5012
5014
7754
5012
5015
5016
7816
5014
5015
7757
5016
7758
7818
5016
7820
5019
5021
7761
5019
5022
7817
5023
5021
5022
7764
7819
5023
7765
5023
7821
5026
5028
7796
5026
5029
5030
7830
5028
5029
7799
5030
7800
7832
5030
7834
5033
5035
5033
5036
5037
5039
5035
5036
5037
5041
5037
5043
5040
5042
5040
5043
5044
5046
5042
5043
5044
5048
5044
5050
5047
5049
5047
5050
5051
5053
5049
5050
5051
5055
5051
5057
5054
5056
5054
5057
5058
5060
5056
5057
5058
5062
5058
5064
5061
5063
5061
5064
5065
5067
5063
5064
5065
5069
5065
5071
5068
5070
5068
5071
5072
5074
5070
5071
5072
5076
5072
5078
5075
5077
5075
5078
5079
5077
5078
5079
5079
5082
5084
5082
5085
5086
5094
5084
5085
5086
5086
5097
5098
5089
5091
5089
5092
5093
5091
5092
5093
5093
5096
5098
5096
5099
5100
5098
5099
5100
5100
5103
5105
5103
5106
5107
5115
5105
5106
5107
5107
5118
5119
5110
5112
5110
5113
5114
5112
5113
5114
5114
5117
5119
5117
5120
5121
5129
5119
5120
5121
5121
5132
5133
5124
5126
5124
5127
5128
5136
5126
5127
5128
5128
5139
5140
5131
5133
5131
5134
5135
5133
5134
5135
5135
5138
5140
5138
5141
5142
5140
5141
5142
5142
5145
5147
5145
5148
5149
5147
5148
5149
5149
5152
5154
5152
5155
5156
5192
5154
5155
5156
5156
5195
5196
5159
5161
5159
5162
5163
5165
5161
5162
5163
5167
5163
5169
5166
5168
5166
5169
5170
5220
5168
5169
5170
5170
5223
5224
5173
5175
5173
5176
5177
5227
5175
5176
5177
5177
5230
5231
5180
5182
5180
5183
5184
5262
5182
5183
5184
5184
5265
5266
5187
5189
5187
5190
5191
5276
5189
5190
5191
5191
5279
5280
5194
5196
5194
5197
5198
5200
5283
5196
5197
5198
5202
5198
5286
5204
5287
5201
5203
5201
5204
5205
5207
5203
5204
5205
5209
5205
5211
5208
5210
5208
5211
5212
5214
5210
5211
5212
5216
5212
5218
5215
5217
5215
5218
5219
5217
5218
5219
5219
5222
5224
5222
5225
5226
5224
5225
5226
5226
5229
5231
5229
5232
5233
5235
5231
5232
5233
5237
5233
5239
5236
5238
5236
5239
5240
5242
5238
5239
5240
5244
5240
5246
5243
5245
5243
5246
5247
5249
5245
5246
5247
5251
5247
5253
5250
5252
5250
5253
5254
5256
5252
5253
5254
5258
5254
5260
5257
5259
5257
5260
5261
5259
5260
5261
5261
5264
5266
5264
5267
5268
5266
5267
5268
5268
5271
5273
5271
5274
5275
5277
5311
5273
5274
5275
5279
5275
5314
5281
5315
5278
5280
5278
5281
5282
5280
5281
5282
5282
5285
5287
5285
5288
5289
5287
5288
5289
5289
5292
5294
5292
5295
5296
5294
5295
5296
5296
5299
5301
5299
5302
5303
5301
5302
5303
5303
5306
5308
5306
5309
5310
5308
5309
5310
5310
5313
5315
5313
5316
5317
5315
5316
5317
5317
5320
5322
5320
5323
5324
5322
5323
5324
5324
5327
5329
5327
5330
5331
5333
5329
5330
5331
5335
5331
5337
5334
5336
5334
5337
5338
5336
5337
5338
5338
5341
5343
5341
5344
5345
5343
5344
5345
5345
5348
5350
5348
5351
5352
5423
5350
5351
5352
5352
5426
5427
5355
5357
5355
5358
5359
5357
5358
5359
5359
5362
5364
5362
5365
5366
5368
5364
5365
5366
5370
5366
5372
5369
5371
5369
5372
5373
5375
5437
5371
5372
5373
5377
5373
5440
5379
5441
5376
5378
5376
5379
5380
5382
5444
5378
5379
5380
5384
5380
5447
5386
5448
5383
5385
5383
5386
5387
5389
5451
5385
5386
5387
5391
5387
5454
5393
5455
5390
5392
5390
5393
5394
5392
5393
5394
5394
5397
5399
5397
5400
5401
5458
5399
5400
5401
5401
5461
5462
5404
5406
5404
5407
5408
5410
5406
5407
5408
5412
5408
5414
5411
5413
5411
5414
5415
5413
5414
5415
5415
5418
5420
5418
5421
5422
5465
5420
5421
5422
5422
5468
5469
5425
5427
5425
5428
5429
5431
5427
5428
5429
5433
5429
5435
5432
5434
5432
5435
5436
5434
5435
5436
5436
5439
5441
5439
5442
5443
5445
5441
5442
5443
5447
5443
5449
5446
5448
5446
5449
5450
5452
5448
5449
5450
5454
5450
5456
5453
5455
5453
5456
5457
5455
5456
5457
5457
5460
5462
5460
5463
5464
5514
5462
5463
5464
5464
5517
5518
5467
5469
5467
5470
5471
5542
5469
5470
5471
5471
5545
5546
5474
5476
5474
5477
5478
5476
5477
5478
5478
5481
5483
5481
5484
5485
5487
5563
5483
5484
5485
5489
5485
5566
5491
5567
5488
5490
5488
5491
5492
5494
5490
5491
5492
5496
5492
5498
5495
5497
5495
5498
5499
5501
5497
5498
5499
5503
5499
5505
5502
5504
5502
5505
5506
5508
5504
5505
5506
5510
5506
5512
5509
5511
5509
5512
5513
5511
5512
5513
5513
5516
5518
5516
5519
5520
5518
5519
5520
5520
5523
5525
5523
5526
5527
5529
5525
5526
5527
5531
5527
5533
5530
5532
5530
5533
5534
5536
5532
5533
5534
5538
5534
5540
5537
5539
5537
5540
5541
5539
5540
5541
5541
5544
5546
5544
5547
5548
5546
5547
5548
5548
5551
5553
5551
5554
5555
5598
5553
5554
5555
5555
5601
5602
5558
5560
5558
5561
5562
5605
5560
5561
5562
5562
5608
5609
5565
5567
5565
5568
5569
5612
5567
5568
5569
5569
5615
5616
5572
5574
5572
5575
5576
5574
5575
5576
5576
5579
5581
5579
5582
5583
5581
5582
5583
5583
5586
5588
5586
5589
5590
5588
5589
5590
5590
5593
5595
5593
5596
5597
5595
5596
5597
5597
5600
5602
5600
5603
5604
5602
5603
5604
5604
5607
5609
5607
5610
5611
5647
5609
5610
5611
5611
5650
5651
5614
5616
5614
5617
5618
5654
5616
5617
5618
5618
5657
5658
5621
5623
5621
5624
5625
5623
5624
5625
5625
5628
5630
5628
5631
5632
5675
5630
5631
5632
5632
5678
5679
5635
5637
5635
5638
5639
5637
5638
5639
5639
5642
5644
5642
5645
5646
5644
5645
5646
5646
5649
5651
5649
5652
5653
5651
5652
5653
5653
5656
5658
5656
5659
5660
5724
5658
5659
5660
5660
5727
5728
5663
5665
5663
5666
5667
5665
5666
5667
5667
5670
5672
5670
5673
5674
5672
5673
5674
5674
5677
5679
5677
5680
5681
5679
5680
5681
5681
5684
5686
5684
5687
5688
5686
5687
5688
5688
5691
5693
5691
5694
5695
5697
5693
5694
5695
5699
5695
5701
5698
5700
5698
5701
5702
5704
5700
5701
5702
5706
5702
5708
5705
5707
5705
5708
5709
5711
5707
5708
5709
5713
5709
5715
5712
5714
5712
5715
5716
5718
5714
5715
5716
5720
5716
5722
5719
5721
5719
5722
5723
5780
5721
5722
5723
5723
5783
5784
5726
5728
5726
5729
5730
5787
5728
5729
5730
5730
5790
5791
5733
5735
5733
5736
5737
5801
5735
5736
5737
5737
5804
5805
5740
5742
5740
5743
5744
5742
5743
5744
5744
5747
5749
5747
5750
5751
5753
5749
5750
5751
5755
5751
5757
5754
5756
5754
5757
5758
5829
5756
5757
5758
5758
5832
5833
5761
5763
5761
5764
5765
5763
5764
5765
5765
5768
5770
5768
5771
5772
5770
5771
5772
5772
5775
5777
5775
5778
5779
5777
5778
5779
5779
5782
5784
5782
5785
5786
5871
5784
5785
5786
5786
5874
5875
5789
5791
5789
5792
5793
5878
5791
5792
5793
5793
5881
5882
5796
5798
5796
5799
5800
5802
5798
5799
5800
5804
5800
5806
5803
5805
5803
5806
5807
5809
5805
5806
5807
5811
5807
5813
5810
5812
5810
5813
5814
5816
5812
5813
5814
5818
5814
5820
5817
5819
5817
5820
5821
5819
5820
5821
5821
5824
5826
5824
5827
5828
5899
5826
5827
5828
5828
5902
5903
5831
5833
5831
5834
5835
5837
5906
5833
5834
5835
5839
5835
5909
5841
5910
5838
5840
5838
5841
5842
5844
5840
5841
5842
5846
5842
5848
5845
5847
5845
5848
5849
5847
5848
5849
5849
5852
5854
5852
5855
5856
5858
5854
5855
5856
5860
5856
5862
5859
5861
5859
5862
5863
5865
5861
5862
5863
5867
5863
5869
5866
5868
5866
5869
5870
5868
5869
5870
5870
5873
5875
5873
5876
5877
5913
5875
5876
5877
5877
5916
5917
5880
5882
5880
5883
5884
5920
5882
5883
5884
5884
5923
5924
5887
5889
5887
5890
5891
5889
5890
5891
5891
5894
5896
5894
5897
5898
5900
5896
5897
5898
5902
5898
5904
5901
5903
5901
5904
5905
5934
5903
5904
5905
5905
5937
5938
5908
5910
5908
5911
5912
5948
5910
5911
5912
5912
5951
5952
5915
5917
5915
5918
5919
5962
5917
5918
5919
5919
5965
5966
5922
5924
5922
5925
5926
5969
5924
5925
5926
5926
5972
5973
5929
5931
5929
5932
5933
5983
5931
5932
5933
5933
5986
5987
5936
5938
5936
5939
5940
5942
5990
5938
5939
5940
5944
5940
5993
5946
5994
5943
5945
5943
5946
5947
5997
5945
5946
5947
5947
6000
6001
5950
5952
5950
5953
5954
5956
5952
5953
5954
5958
5954
5960
5957
5959
5957
5960
5961
5959
5960
5961
5961
5964
5966
5964
5967
5968
6032
5966
5967
5968
5968
6035
6036
5971
5973
5971
5974
5975
5977
5973
5974
5975
5979
5975
5981
5978
5980
5978
5981
5982
5980
5981
5982
5982
5985
5987
5985
5988
5989
6046
5987
5988
5989
5989
6049
6050
5992
5994
5992
5995
5996
5998
6053
5994
5995
5996
6000
5996
6056
6002
6057
5999
6001
5999
6002
6003
6001
6002
6003
6003
6006
6008
6006
6009
6010
6008
6009
6010
6010
6013
6015
6013
6016
6017
6019
6015
6016
6017
6021
6017
6023
6020
6022
6020
6023
6024
6026
6022
6023
6024
6028
6024
6030
6027
6029
6027
6030
6031
6029
6030
6031
6031
6034
6036
6034
6037
6038
6036
6037
6038
6038
6041
6043
6041
6044
6045
6043
6044
6045
6045
6048
6050
6048
6051
6052
6123
6050
6051
6052
6052
6126
6127
6055
6057
6055
6058
6059
6130
6057
6058
6059
6059
6133
6134
6062
6064
6062
6065
6066
6068
6137
6064
6065
6066
6070
6066
6140
6072
6141
6069
6071
6069
6072
6073
6071
6072
6073
6073
6076
6078
6076
6079
6080
6082
6078
6079
6080
6084
6080
6086
6083
6085
6083
6086
6087
6089
6085
6086
6087
6091
6087
6093
6090
6092
6090
6093
6094
6096
6092
6093
6094
6098
6094
6100
6097
6099
6097
6100
6101
6099
6100
6101
6101
6104
6106
6104
6107
6108
6106
6107
6108
6108
6111
6113
6111
6114
6115
6113
6114
6115
6115
6118
6120
6118
6121
6122
6172
6120
6121
6122
6122
6175
6176
6125
6127
6125
6128
6129
6179
6127
6128
6129
6129
6182
6183
6132
6134
6132
6135
6136
6186
6134
6135
6136
6136
6189
6190
6139
6141
6139
6142
6143
6141
6142
6143
6143
6146
6148
6146
6149
6150
6152
6148
6149
6150
6154
6150
6156
6153
6155
6153
6156
6157
6159
6155
6156
6157
6161
6157
6163
6160
6162
6160
6163
6164
6162
6163
6164
6164
6167
6169
6167
6170
6171
6214
6169
6170
6171
6171
6217
6218
6174
6176
6174
6177
6178
6221
6176
6177
6178
6178
6224
6225
6181
6183
6181
6184
6185
6228
6183
6184
6185
6185
6231
6232
6188
6190
6188
6191
6192
6194
6235
6190
6191
6192
6196
6192
6238
6198
6239
6195
6197
6195
6198
6199
6197
6198
6199
6199
6202
6204
6202
6205
6206
6242
6204
6205
6206
6206
6245
6246
6209
6211
6209
6212
6213
6215
6211
6212
6213
6217
6213
6219
6216
6218
6216
6219
6220
6218
6219
6220
6220
6223
6225
6223
6226
6227
6256
6225
6226
6227
6227
6259
6260
6230
6232
6230
6233
6234
6263
6232
6233
6234
6234
6266
6267
6237
6239
6237
6240
6241
6270
6239
6240
6241
6241
6273
6274
6244
6246
6244
6247
6248
6246
6247
6248
6248
6251
6253
6251
6254
6255
6253
6254
6255
6255
6258
6260
6258
6261
6262
6260
6261
6262
6262
6265
6267
6265
6268
6269
6267
6268
6269
6269
6272
6274
6272
6275
6276
6274
6275
6276
6276
6279
6281
6279
6282
6283
6285
6281
6282
6283
6287
6283
6289
6286
6288
6286
6289
6290
6288
6289
6290
6290
6293
6295
6293
6296
6297
6326
6295
6296
6297
6297
6329
6330
6300
6302
6300
6303
6304
6333
6302
6303
6304
6304
6336
6337
6307
6309
6307
6310
6311
6309
6310
6311
6311
6314
6316
6314
6317
6318
6361
6316
6317
6318
6318
6364
6365
6321
6323
6321
6324
6325
6382
6323
6324
6325
6325
6385
6386
6328
6330
6328
6331
6332
6389
6330
6331
6332
6332
6392
6393
6335
6337
6335
6338
6339
6337
6338
6339
6339
6342
6344
6342
6345
6346
6344
6345
6346
6346
6349
6351
6349
6352
6353
6355
6351
6352
6353
6357
6353
6359
6356
6358
6356
6359
6360
6362
6410
6358
6359
6360
6364
6360
6413
6366
6414
6363
6365
6363
6366
6367
6417
6365
6366
6367
6367
6420
6421
6370
6372
6370
6373
6374
6376
6424
6372
6373
6374
6378
6374
6427
6380
6428
6377
6379
6377
6380
6381
6431
6379
6380
6381
6381
6434
6435
6384
6386
6384
6387
6388
6445
6386
6387
6388
6388
6448
6449
6391
6393
6391
6394
6395
6452
6393
6394
6395
6395
6455
6456
6398
6400
6398
6401
6402
6400
6401
6402
6402
6405
6407
6405
6408
6409
6407
6408
6409
6409
6412
6414
6412
6415
6416
6418
6414
6415
6416
6420
6416
6422
6419
6421
6419
6422
6423
6421
6422
6423
6423
6426
6428
6426
6429
6430
6432
6428
6429
6430
6434
6430
6436
6433
6435
6433
6436
6437
6439
6435
6436
6437
6441
6437
6443
6440
6442
6440
6443
6444
6442
6443
6444
6444
6447
6449
6447
6450
6451
6449
6450
6451
6451
6454
6456
6454
6457
6458
6456
6457
6458
6458
6461
6463
6461
6464
6465
6467
6529
6463
6464
6465
6469
6465
6532
6471
6533
6468
6470
6468
6471
6472
6536
6470
6471
6472
6472
6539
6540
6475
6477
6475
6478
6479
6481
6543
6477
6478
6479
6483
6479
6546
6485
6547
6482
6484
6482
6485
6486
6488
6484
6485
6486
6490
6486
6492
6489
6491
6489
6492
6493
6495
6491
6492
6493
6497
6493
6499
6496
6498
6496
6499
6500
6550
6498
6499
6500
6500
6553
6554
6503
6505
6503
6506
6507
6509
6505
6506
6507
6511
6507
6513
6510
6512
6510
6513
6514
6512
6513
6514
6514
6517
6519
6517
6520
6521
6519
6520
6521
6521
6524
6526
6524
6527
6528
6592
6526
6527
6528
6528
6595
6596
6531
6533
6531
6534
6535
6537
6599
6533
6534
6535
6539
6535
6602
6541
6603
6538
6540
6538
6541
6542
6606
6540
6541
6542
6542
6609
6610
6545
6547
6545
6548
6549
6613
6547
6548
6549
6549
6616
6617
6552
6554
6552
6555
6556
6554
6555
6556
6556
6559
6561
6559
6562
6563
6565
6561
6562
6563
6567
6563
6569
6566
6568
6566
6569
6570
6572
6627
6568
6569
6570
6574
6570
6630
6576
6631
6573
6575
6573
6576
6577
6634
6575
6576
6577
6577
6637
6638
6580
6582
6580
6583
6584
6586
6641
6582
6583
6584
6588
6584
6644
6590
6645
6587
6589
6587
6590
6591
6589
6590
6591
6591
6594
6596
6594
6597
6598
6596
6597
6598
6598
6601
6603
6601
6604
6605
6607
6655
6603
6604
6605
6609
6605
6658
6611
6659
6608
6610
6608
6611
6612
6610
6611
6612
6612
6615
6617
6615
6618
6619
6662
6617
6618
6619
6619
6665
6666
6622
6624
6622
6625
6626
6624
6625
6626
6626
6629
6631
6629
6632
6633
6635
6676
6631
6632
6633
6637
6633
6679
6639
6680
6636
6638
6636
6639
6640
6683
6638
6639
6640
6640
6686
6687
6643
6645
6643
6646
6647
6690
6645
6646
6647
6647
6693
6694
6650
6652
6650
6653
6654
6704
6652
6653
6654
6654
6707
6708
6657
6659
6657
6660
6661
6659
6660
6661
6661
6664
6666
6664
6667
6668
6666
6667
6668
6668
6671
6673
6671
6674
6675
6673
6674
6675
6675
6678
6680
6678
6681
6682
6684
6680
6681
6682
6686
6682
6688
6685
6687
6685
6688
6689
6687
6688
6689
6689
6692
6694
6692
6695
6696
6698
6694
6695
6696
6700
6696
6702
6699
6701
6699
6702
6703
6701
6702
6703
6703
6706
6708
6706
6709
6710
6708
6709
6710
6710
6713
6715
6713
6716
6717
6715
6716
6717
6717
6720
6722
6720
6723
6724
6726
6722
6723
6724
6728
6724
6730
6727
6729
6727
6730
6731
6729
6730
6731
6731
6734
6736
6734
6737
6738
6736
6737
6738
6738
6741
6743
6741
6744
6745
6743
6744
6745
6745
6748
6750
6748
6751
6752
6750
6751
6752
6752
6755
6757
6755
6758
6759
6757
6758
6759
6759
6762
6764
6762
6765
6766
6764
6765
6766
6766
6769
6771
6769
6772
6773
6795
6771
6772
6773
6773
6798
6799
6776
6778
6776
6779
6780
6778
6779
6780
6780
6783
6785
6783
6786
6787
6816
6785
6786
6787
6787
6819
6820
6790
6792
6790
6793
6794
6830
6792
6793
6794
6794
6833
6834
6797
6799
6797
6800
6801
6799
6800
6801
6801
6804
6806
6804
6807
6808
6851
6806
6807
6808
6808
6854
6855
6811
6813
6811
6814
6815
6858
6813
6814
6815
6815
6861
6862
6818
6820
6818
6821
6822
6824
6820
6821
6822
6826
6822
6828
6825
6827
6825
6828
6829
6831
6827
6828
6829
6833
6829
6835
6832
6834
6832
6835
6836
6834
6835
6836
6836
6839
6841
6839
6842
6843
6841
6842
6843
6843
6846
6848
6846
6849
6850
6904
6848
6849
6850
6850
6907
6908
6853
6855
6853
6856
6857
6855
6856
6857
6857
6860
6862
6860
6863
6864
6866
6862
6863
6864
6868
6864
6870
6867
6869
6867
6870
6871
6873
6918
6869
6870
6871
6875
6871
6921
6877
6922
6874
6876
6874
6877
6878
6876
6877
6878
6878
6880
6881
6882
6882
6885
6887
6885
6888
6889
6891
6887
6888
6889
6893
6889
6895
6892
6894
6892
6895
6896
6898
6894
6895
6896
6900
6896
6902
6899
6901
6899
6902
6903
6932
6901
6902
6903
6903
6935
6936
6906
6908
6906
6909
6910
6908
6909
6910
6910
6913
6915
6913
6916
6917
6960
6915
6916
6917
6917
6963
6964
6920
6922
6920
6923
6924
6981
6922
6923
6924
6924
6984
6985
6927
6929
6927
6930
6931
6929
6930
6931
6931
6934
6936
6934
6937
6938
6940
6936
6937
6938
6942
6938
6944
6941
6943
6941
6944
6945
7023
6943
6944
6945
6945
7026
7027
6948
6950
6948
6951
6952
6954
6950
6951
6952
6956
6952
6958
6955
6957
6955
6958
6959
6961
6957
6958
6959
6963
6959
6965
6962
6964
6962
6965
6966
6968
6964
6965
6966
6970
6966
6972
6969
6971
6969
6972
6973
6975
7030
6971
6972
6973
6977
6973
7033
6979
7034
6976
6978
6976
6979
6980
6978
6979
6980
6980
6983
6985
6983
6986
6987
7072
6985
6986
6987
6987
7075
7076
6990
6992
6990
6993
6994
6996
6992
6993
6994
6998
6994
7000
6997
6999
6997
7000
7001
7079
6999
7000
7001
7001
7082
7083
7004
7006
7004
7007
7008
7010
7086
7006
7007
7008
7012
7008
7089
7014
7090
7011
7013
7011
7014
7015
7017
7013
7014
7015
7019
7015
7021
7018
7020
7018
7021
7022
7093
7020
7021
7022
7022
7096
7097
7025
7027
7025
7028
7029
7100
7027
7028
7029
7029
7103
7104
7032
7034
7032
7035
7036
7034
7035
7036
7036
7039
7041
7039
7042
7043
7045
7041
7042
7043
7047
7043
7049
7046
7048
7046
7049
7050
7052
7048
7049
7050
7054
7050
7056
7053
7055
7053
7056
7057
7059
7055
7056
7057
7061
7057
7063
7060
7062
7060
7063
7064
7066
7062
7063
7064
7068
7064
7070
7067
7069
7067
7070
7071
7121
7069
7070
7071
7071
7124
7125
7074
7076
7074
7077
7078
7076
7077
7078
7078
7081
7083
7081
7084
7085
7135
7083
7084
7085
7085
7138
7139
7088
7090
7088
7091
7092
7142
7090
7091
7092
7092
7145
7146
7095
7097
7095
7098
7099
7149
7097
7098
7099
7099
7152
7153
7102
7104
7102
7105
7106
7108
7104
7105
7106
7110
7106
7112
7109
7111
7109
7112
7113
7163
7111
7112
7113
7113
7166
7167
7116
7118
7116
7119
7120
7170
7118
7119
7120
7120
7173
7174
7123
7125
7123
7126
7127
7125
7126
7127
7127
7130
7132
7130
7133
7134
7132
7133
7134
7134
7137
7139
7137
7140
7141
7212
7139
7140
7141
7141
7215
7216
7144
7146
7144
7147
7148
7146
7147
7148
7148
7151
7153
7151
7154
7155
7153
7154
7155
7155
7158
7160
7158
7161
7162
7233
7160
7161
7162
7162
7236
7237
7165
7167
7165
7168
7169
7167
7168
7169
7169
7172
7174
7172
7175
7176
7240
7174
7175
7176
7176
7243
7244
7179
7181
7179
7182
7183
7185
7181
7182
7183
7187
7183
7189
7186
7188
7186
7189
7190
7188
7189
7190
7190
7193
7195
7193
7196
7197
7195
7196
7197
7197
7200
7202
7200
7203
7204
7202
7203
7204
7204
7207
7209
7207
7210
7211
7213
7209
7210
7211
7215
7211
7217
7214
7216
7214
7217
7218
7216
7217
7218
7218
7221
7223
7221
7224
7225
7282
7223
7224
7225
7225
7285
7286
7228
7230
7228
7231
7232
7234
7289
7230
7231
7232
7236
7232
7292
7238
7293
7235
7237
7235
7238
7239
7237
7238
7239
7239
7242
7244
7242
7245
7246
7248
7244
7245
7246
7250
7246
7252
7249
7251
7249
7252
7253
7251
7252
7253
7253
7256
7258
7256
7259
7260
7262
7258
7259
7260
7264
7260
7266
7263
7265
7263
7266
7267
7265
7266
7267
7267
7270
7272
7270
7273
7274
7272
7273
7274
7274
7277
7279
7277
7280
7281
7310
7279
7280
7281
7281
7313
7314
7284
7286
7284
7287
7288
7324
7286
7287
7288
7288
7327
7328
7291
7293
7291
7294
7295
7338
7293
7294
7295
7295
7341
7342
7298
7300
7298
7301
7302
7352
7300
7301
7302
7302
7355
7356
7305
7307
7305
7308
7309
7366
7307
7308
7309
7309
7369
7370
7312
7314
7312
7315
7316
7314
7315
7316
7316
7319
7321
7319
7322
7323
7325
7415
7321
7322
7323
7327
7323
7418
7329
7419
7326
7328
7326
7329
7330
7332
7328
7329
7330
7334
7330
7336
7333
7335
7333
7336
7337
7422
7335
7336
7337
7337
7425
7426
7340
7342
7340
7343
7344
7346
7342
7343
7344
7348
7344
7350
7347
7349
7347
7350
7351
7353
7349
7350
7351
7355
7351
7357
7354
7356
7354
7357
7358
7360
7356
7357
7358
7362
7358
7364
7361
7363
7361
7364
7365
7363
7364
7365
7365
7368
7370
7368
7371
7372
7370
7371
7372
7372
7375
7377
7375
7378
7379
7377
7378
7379
7379
7382
7384
7382
7385
7386
7388
7485
7384
7385
7386
7390
7386
7488
7392
7489
7389
7391
7389
7392
7393
7395
7391
7392
7393
7397
7393
7399
7396
7398
7396
7399
7400
7492
7398
7399
7400
7400
7495
7496
7403
7405
7403
7406
7407
7409
7405
7406
7407
7411
7407
7413
7410
7412
7410
7413
7414
7416
7510
7412
7413
7414
7418
7414
7513
7420
7514
7417
7419
7417
7420
7421
7419
7420
7421
7421
7424
7426
7424
7427
7428
7430
7426
7427
7428
7432
7428
7434
7431
7433
7431
7434
7435
7517
7433
7434
7435
7435
7520
7521
7438
7440
7438
7441
7442
7538
7440
7441
7442
7442
7541
7542
7445
7447
7445
7448
7449
7451
7447
7448
7449
7453
7449
7455
7452
7454
7452
7455
7456
7458
7454
7455
7456
7460
7456
7462
7459
7461
7459
7462
7463
7461
7462
7463
7463
7466
7468
7466
7469
7470
7472
7468
7469
7470
7474
7470
7476
7473
7475
7473
7476
7477
7479
7559
7475
7476
7477
7481
7477
7562
7483
7563
7480
7482
7480
7483
7484
7486
7482
7483
7484
7488
7484
7490
7487
7489
7487
7490
7491
7489
7490
7491
7491
7494
7496
7494
7497
7498
7496
7497
7498
7498
7500
7501
7502
7573
7502
7575
7505
7507
7505
7508
7509
7577
7507
7508
7509
7509
7580
7581
7512
7514
7512
7515
7516
7584
7514
7515
7516
7516
7587
7588
7519
7521
7519
7522
7523
7525
7591
7521
7522
7523
7527
7523
7594
7529
7595
7526
7528
7526
7529
7530
7532
7598
7528
7529
7530
7534
7530
7601
7536
7602
7533
7535
7533
7536
7537
7535
7536
7537
7537
7540
7542
7540
7543
7544
7542
7543
7544
7544
7547
7549
7547
7550
7551
7612
7549
7550
7551
7551
7615
7616
7554
7556
7554
7557
7558
7619
7556
7557
7558
7558
7622
7623
7561
7563
7561
7564
7565
7563
7564
7565
7565
7568
7570
7568
7571
7572
7570
7571
7572
7572
7574
7575
7576
7576
7579
7581
7579
7582
7583
7633
7581
7582
7583
7583
7636
7637
7586
7588
7586
7589
7590
7640
7588
7589
7590
7590
7643
7644
7593
7595
7593
7596
7597
7599
7647
7595
7596
7597
7601
7597
7650
7603
7651
7600
7602
7600
7603
7604
7654
7602
7603
7604
7604
7657
7658
7607
7609
7607
7610
7611
7661
7609
7610
7611
7611
7664
7665
7614
7616
7614
7617
7618
7616
7617
7618
7618
7621
7623
7621
7624
7625
7623
7624
7625
7625
7628
7630
7628
7631
7632
7630
7631
7632
7632
7635
7637
7635
7638
7639
7689
7637
7638
7639
7639
7692
7693
7642
7644
7642
7645
7646
7696
7644
7645
7646
7646
7699
7700
7649
7651
7649
7652
7653
7655
7651
7652
7653
7657
7653
7659
7656
7658
7656
7659
7660
7710
7658
7659
7660
7660
7713
7714
7663
7665
7663
7666
7667
7669
7665
7666
7667
7671
7667
7673
7670
7672
7670
7673
7674
7717
7672
7673
7674
7674
7720
7721
7677
7679
7677
7680
7681
7724
7679
7680
7681
7681
7727
7728
7684
7686
7684
7687
7688
7686
7687
7688
7688
7691
7693
7691
7694
7695
7745
7693
7694
7695
7695
7748
7749
7698
7700
7698
7701
7702
7700
7701
7702
7702
7705
7707
7705
7708
7709
7773
7707
7708
7709
7709
7776
7777
7712
7714
7712
7715
7716
7714
7715
7716
7716
7719
7721
7719
7722
7723
7787
7721
7722
7723
7723
7790
7791
7726
7728
7726
7729
7730
7794
7728
7729
7730
7730
7797
7798
7733
7735
7733
7736
7737
7739
7801
7735
7736
7737
7741
7737
7804
7743
7805
7740
7742
7740
7743
7744
7808
7742
7743
7744
7744
7811
7812
7747
7749
7747
7750
7751
7753
7749
7750
7751
7755
7751
7757
7754
7756
7754
7757
7758
7756
7757
7758
7758
7761
7763
7761
7764
7765
7767
7763
7764
7765
7769
7765
7771
7768
7770
7768
7771
7772
7774
7770
7771
7772
7776
7772
7778
7775
7777
7775
7778
7779
7781
7777
7778
7779
7783
7779
7785
7782
7784
7782
7785
7786
7784
7785
7786
7786
7789
7791
7789
7792
7793
7791
7792
7793
7793
7796
7798
7796
7799
7800
7798
7799
7800
7800
7803
7805
7803
7806
7807
7809
7805
7806
7807
7811
7807
7813
7810
7812
7810
7813
7814
7812
7813
7814
7814
7817
7819
7817
7820
7821
7843
7819
7820
7821
7821
7846
7847
7824
7826
7824
7827
7828
7826
7827
7828
7828
7831
7833
7831
7834
7835
7837
7850
7833
7834
7835
7839
7835
7853
7841
7854
7838
7840
7838
7841
7842
7840
7841
7842
7842
7845
7847
7845
7848
7849
7847
7848
7849
7849
7852
7854
7852
7855
7856
7857
7854
7855
7856
7856
7860
7861
7859
7861
7859
7862
7863
7864
7861
7862
7863
7863
7867
7868
7866
7868
7866
7869
7870
7868
7869
7870
7870
)


// ************************************************************************* //
